name	loc	bas_0.0	ind_250.0	ind_125.0	ind_50.0	ind_25.0	ind_10.0	ind_5.0	ind_2.5	inlier
c61r18.10L04	b2C9	0.0630219670292	11.3734418846	8.72114444626	6.02297529088	4.56898887358	2.79101235012	0.485365103246	0.196103114211	True
c71r18.35L07	b2A2	0.0443462827667	2.07378403806	1.76974585158	1.16988490076	0.883573637284	0.41567138727	0.200323323784	0.072412044851	True
c71r18.35L06	b2A1	0.0347944288985	0.571062473893	0.604804539769	nan	nan	nan	nan	nan	False
c71r18.10L19	b2H3	3.25668090254	11.1745983538	8.7656332882	6.82871295697	5.85098285733	5.17135391661	3.30016018453	2.31941265874	True
61c-oc0	b5E4	4.59013064837	0.215215873285	0.50026099025	nan	nan	nan	nan	nan	True
c71r18.35L11	b2A6	0.012825617608	0.449023393937	0.37469447439	0.287921016771	0.13718446912	0.0859855722634	0.0484674445379	0.0154250274567	True
c71r18.35L10	b2A5	0.120626318842	6.48301762589	5.01721526563	2.12134958547	1.30304133696	0.767558952054	0.203693266504	0.12735707268	True
oc0.35L17	b5G9	0.144311404291	0.00650445452728	0.0158994687314	0.0437431170115	0.0687913502501	0.112676831483	0.139529978912	0.183337528324	True
oc0.35L12	b5G4	0.221271954525	0.0100399581711	0.02098853897	0.0677134496976	0.113808172636	0.174833111265	0.210036813764	0.257185028244	True
c71r18.35L13	b2A8	0.0069387990478	nan	0.0455314736286	nan	nan	nan	nan	nan	True
c71r18.10L15	b2G8	0.101705688627	6.6890406228	4.62373736406	2.26230957928	1.54406967522	0.696750456097	0.240333957461	0.131844077523	True
c61r18.10L02	b2C7	2.0890385554	13.5974585281	11.5361201348	8.8555791575	7.20533239944	6.32520891366	2.89772811455	1.84592330421	True
c71r18.35L04	b1I8	0.109679273288	5.6290388033	4.23817528932	1.9484376422	1.07720347543	0.610770783399	0.165192464502	0.100764808653	True
61c-ocl.35L11	b5C3	0.545477164529	0.0419769275804	0.0880784960217	nan	nan	nan	nan	nan	True
c61ocl	b5A5	0.122677161286	3.29471397624	6.82602593889	nan	nan	nan	nan	nan	False
c61r18.35L13	b1C9	0.013185595999	0.429458913093	0.408810192978	nan	nan	nan	nan	nan	True
c61r18.10L14	b2E1	0.0777104794202	13.8344149851	9.90178944958	6.47543383534	4.44004960632	3.13515556366	0.577036273668	0.240740720033	True
61c-ocl.35L13	b5C5	0.00115609745738	0.00254975716907	0.00415563892097	nan	nan	nan	nan	nan	False
oc0.35L20	b5H3	0.370436194983	0.0166310344622	0.0295045241124	0.116060338294	0.163137994017	0.029736147975	0.0379819432889	0.0484602169274	False
oc0.35L19	b5H2	1.19570892242	0.0546542799899	0.11206454553	0.371361777789	0.629905789307	0.915414181969	1.33394046665	1.31363882679	True
c71r18.10L10	b2G3	0.0636619732633	4.34075221842	3.16631619766	1.69730782154	0.977117084179	0.499365880078	0.158367973143	0.0871038990786	True
c61r18.35L02	b1B7	0.277638724486	4.57733083546	4.57381483609	nan	nan	nan	nan	nan	False
c61r18.35L04	b1B9	0.0127293854495	1.39841531601	1.3812855405	0.877012639879	0.533417686161	0.248162777584	0.134713048294	0.0286664051509	True
c61r18.35L03	b1B8	0.00954466869878	0.213105299779	0.189244208906	nan	nan	nan	nan	nan	True
c71r18.35L09	b2A4	0.110543309453	3.87126174231	2.80696540341	nan	nan	nan	nan	nan	True
c61r18.35L20	b1D7	0.00327318682007	0.23726235932	0.229457217712	nan	nan	nan	nan	nan	False
c61r18.35L19	b1D6	0.037756292209	7.16888109575	5.92987576885	5.2180163798	3.46303074985	1.78549409751	0.899992786941	0.198544753747	True
c61r18.35L18	b1D5	0.0578051370493	9.02150267437	8.22597725828	5.60907272567	4.10950184133	2.28197494558	1.45537205108	0.270723649315	True
c61r18.35L17	b1D4	0.0108573384154	0.0989409777019	0.103038152802	nan	nan	nan	nan	nan	True
c61r18.35L16	b1D3	1.0129336928	15.4860863923	15.894628367	12.8390232472	nan	9.38226971031	6.26250582092	2.1746232938	True
c61r18.35L15	b1D2	0.0169449186387	2.81834864894	2.62448646371	nan	nan	nan	nan	nan	True
c61r18.35L14	b1D1	0.0160532730041	3.22155976731	3.11765321189	2.13987026088	1.7707440951	0.615841114466	0.280066028057	0.0710896667378	True
c71r18.10L03	b2F5	1.71560114868	10.2185196335	7.33432375171	5.52114074803	4.35203683422	3.69913726643	1.91538618774	1.32874188503	True
61c-r18.35L08	b1F1	0.221728288219	0.173320163375	0.209251819532	0.0956863584357	0.10398290905	0.109422957877	0.108587078577	0.0892278893192	True
c71r18.35L14	b2A9	0.0117792122385	0.809003987358	0.622306411952	nan	nan	nan	nan	nan	True
c61r18.35L22	b1D9	0.278470685561	16.0047245136	13.4290939664	13.6005573906	9.74610195107	7.34849599465	4.91530842067	1.20846589523	True
c61r18.35L21	b1D8	0.0161185810696	1.60963784775	1.75226725666	nan	nan	nan	nan	nan	True
c61r18.35L10	b1C6	0.0123413427424	0.111147260351	0.1134604439	nan	nan	nan	nan	nan	True
61c-ocl.35L18	b5D1	0.00664164340428	0.00151765917996	0.00483686762272	nan	nan	nan	nan	nan	True
oc0.35L01	b5F2	4.86565180781	0.216063933551	0.488716229323	1.62955763812	2.84937712941	4.29029310325	5.67842785906	4.75606914159	True
61c-ocl.35L02	b5B3	0.0469617231347	0.0557407519275	0.0429481788125	nan	nan	nan	nan	nan	False
c71r18.35L23	b2B9	0.0759056516217	0.0659571961062	0.050706978304	nan	nan	nan	nan	nan	False
c71r18.35L20	b2B6	0.134637716585	5.95375673165	4.76321728541	3.60292477107	2.23605866034	1.21909105653	0.68786393589	0.253221489927	True
c71r18.35L21	b2B7	0.198966058707	7.32788034041	5.66403571224	5.35766651425	3.087542936	1.794483038	1.00545333839	0.315274686909	True
c71r18.35L18	b2B4	8.96585906899	19.7513853825	15.2914948288	14.5857491445	nan	15.6410542963	13.1682361894	7.63538500552	True
c71r18.35L19	b2B5	0.12324561135	5.24322174058	3.99427674781	3.23426617008	2.12719127755	1.10476056712	0.668852575984	0.18731717942	True
oc0.35L04	b5F5	0.0342634353302	0.00232076625454	0.00399589675615	nan	nan	nan	nan	nan	True
61c-ocl.35L07	b5B8	0.32204840464	0.0251683728686	0.0565026647392	nan	nan	nan	nan	nan	True
oc0.35L05	b5F6	0.0628163096914	0.00308363254186	0.00536254061428	nan	nan	nan	nan	nan	True
c61r18.10L21	b2E8	0.161632638412	11.6833861692	9.93039937971	7.2101388072	4.84806422461	3.5061595241	0.763456929601	0.333555044837	True
61c-ocl.35L01	b5B2	0.050659043782	0.00658527028068	0.00984663169855	nan	nan	nan	nan	nan	True
c61r18.35L09	b1C5	0.010990857329	0.256046556379	0.263020306134	nan	nan	nan	nan	nan	True
oc0.35L22	b5H5	0.0379850360165	0.00402822383695	0.00313244772983	nan	nan	nan	nan	nan	True
c61r18.10L24	b2F2	1.57170531775	9.41075704979	7.04168251977	5.76383405496	4.83933396554	4.15624048126	1.90415928871	1.22731033696	True
c61r18.35L06	b1C2	0.0740459607261	9.79836716355	8.94006333349	8.35896436774	5.54104279088	4.08999170669	2.02723647991	0.376798241737	True
c71r18.35L15	b2B1	0.173186358697	7.11156320353	5.30833489273	2.58056382488	1.4984635736	0.925850423825	0.257358908192	0.146477006723	True
c61r18.10L05	b2D1	0.0823700935176	13.5369232513	10.5112686225	7.25292301425	4.69498541309	3.59364226078	0.592523100176	0.244284613831	True
c61r18.10L07	b2D3	0.112583280562	12.5375146529	10.235598295	7.1217600859	4.99597369865	3.52495870866	0.692961804208	0.293105573845	True
c71r18.10L24	b2H8	0.0961288260848	7.58540812063	5.94280334127	3.11845910957	1.71955240312	0.776711220493	0.24003853032	0.136842940672	True
c61r18.35L11	b1C7	0.0123509676423	0.630869582694	0.572351075083	nan	nan	nan	nan	nan	True
c61r18.35L08	b1C4	0.020895629673	2.46744197677	2.28748831482	1.76554107217	1.20316026522	0.47231294692	0.202793733965	0.050954143299	True
c61r18.10L03	b2C8	0.0444910201083	11.4769642153	8.33726291984	5.84251015086	3.49531803453	2.57025389486	0.410697840664	0.14707660178	True
c71r18.10L11	b2G4	9.07106163967	16.6059787802	14.2062627317	11.2897244403	10.6900320713	11.7367626571	7.82540667113	8.22787716032	True
c61r18.35L07	b1C3	0.504521850032	17.3443214194	15.7514127268	11.0119753782	8.17189384969	5.78188402437	1.28064983257	0.540512682459	True
oc0.35L18	b5H1	1.60965888227	0.0651926859073	0.147453314791	0.443285568942	0.752728355692	1.12530916668	1.69558102151	1.62270644735	True
oc0.35L21	b5H4	0.141807080578	0.0058275507229	0.0170838637267	nan	nan	nan	nan	nan	True
61c-ocl.35L08	b5B9	0.00757328916121	0.00134140818943	nan	nan	nan	nan	nan	nan	True
c61r18.35L05	b1C1	0.0140124078284	0.303263446973	0.291684868443	nan	nan	nan	nan	nan	True
c61r18.35L12	b1C8	0.0253811415206	0.233124606269	0.224059849226	nan	nan	nan	nan	nan	False
oc0.35L24	b5H7	2.20281935003	0.0872023541471	0.24934043451	0.566418924448	1.22423953935	1.75448184768	2.57604844476	2.4674242711	True
c71r18.10L01	b2F3	0.199277750289	5.79158242591	4.99210011112	2.88922007251	1.87869690757	1.26673841181	0.385174966896	0.251289536046	True
oc0.35L02	b5F3	4.10125108711	0.175349396597	0.554625175613	nan	nan	nan	nan	nan	True
c61r18.35L23	b1E1	0.00925050263035	0.137600019625	0.144533591131	nan	nan	nan	nan	nan	True
c61r18.35L24	b1E2	0.297019149637	13.6647941926	11.8612033244	8.46162366249	5.82070416283	4.65599867749	0.839737423195	0.383866713344	True
oc0.35L23	b5H6	4.47955894094	0.182664603887	0.426560492377	1.34081244334	2.62093078114	4.45640950442	5.61254848166	4.86402839396	True
c61r18.10L09	b2D5	0.243878002179	15.9752426963	11.5382312569	9.51412154812	6.65314936474	5.11364979426	1.17840103923	0.473916150184	True
c71r18.35L16	b2B2	0.271332681355	9.48568450321	8.35737168776	6.54285966296	4.1172693521	3.23530070736	1.756726855	0.519242552453	True
c61r16	b1A5	0.0918120316459	17.170708709	15.6948845237	7.17009103243	4.04461495389	2.66466748728	0.439947893979	0.164787456779	True
c71r18.10L14	b2G7	0.130694456383	5.9470235268	4.32354908187	2.44730237414	1.45743222837	0.824934165744	0.254948570989	0.169456591518	True
