run	log_tbg	log_alphap	log_betap	b14D6_log_P	b14D6_weight	b14D7_log_P	b14D7_weight	b14D8_log_P	b14D8_weight	b15A2_log_P	b15A2_weight	b15A3_log_P	b15A3_weight	b15A5_log_P	b15A5_weight	b15A6_log_P	b15A6_weight	b15A7_log_P	b15A7_weight	b15A9_log_P	b15A9_weight	b15B1_log_P	b15B1_weight	b15B2_log_P	b15B2_weight	b15B3_log_P	b15B3_weight	b15B4_log_P	b15B4_weight	b15B5_log_P	b15B5_weight	b15B6_log_P	b15B6_weight	b15B7_log_P	b15B7_weight	b15B8_log_P	b15B8_weight	b15B9_log_P	b15B9_weight	b15C1_log_P	b15C1_weight	b15C2_log_P	b15C2_weight	b15C5_log_P	b15C5_weight
fit	-5.821839388393955	5.170730745017421	0.14505619331286007	-5.160280957414528	1.0	-5.155268868891449	1.0	-5.191616942939099	1.0	-6.585699570877866	1.0	-5.619319952847294	1.0	-4.1725471338464	1.0	-3.232805892162332	1.0	-3.6816615705190197	1.0	-6.470975992898256	1.0	-10.607563906588675	1.0	-8.121031080532395	1.0	-6.878558363849575	1.0	-2.5495711931987857	1.0	-4.10115238815314	1.0	-10.25006807519845	1.0	-4.074638291987468	1.0	-6.838087134422718	1.0	-10.226729824748638	1.0	-5.676486399341106	1.0	-7.0890999715685155	1.0	-5.191243222026622	1.0
samp_00	-5.685275355297824	4.9387249340028925	0.27954285785131494	-5.162731437918936	1.0	-5.160692952747956	1.0	-5.19559265727721	1.0	-6.5610264441217145	2.0	-5.618664324326591	2.0	-4.186583065826038	4.0	-3.253089774522429	1.0		0.0		0.0		0.0	-8.08177005975835	2.0	-6.860157251025774	2.0		0.0	-4.1278977581352825	2.0		0.0		0.0	-6.812275411511936	1.0		0.0	-5.680486376382398	1.0	-7.062371675475181	1.0		0.0
samp_01	-5.808832830413747	5.174219978891123	0.16500396107813922		0.0	-5.164700644003726	1.0	-5.201158475705139	1.0		0.0	-5.63052322927824	3.0		0.0	-3.2356118530272653	1.0	-3.685685781049343	1.0	-6.484437889373585	2.0	-10.630412320133578	1.0	-8.141233907763851	3.0		0.0		0.0		0.0	-10.27825383771869	1.0	-4.079897756465246	1.0		0.0	-10.251813305554364	1.0	-5.688162879094764	1.0	-7.105073191320326	2.0	-5.200534220951741	2.0
samp_02	-6.521333494769743	5.183554623706607	0.1361843216635792	-5.147250477017707	2.0	-5.141568642453223	1.0	-5.177768565578781	2.0	-6.550583846058977	2.0		0.0	-4.16590559876798	1.0		0.0	-3.675465082428807	2.0	-6.437614714721738	1.0	-10.525361173531238	2.0		0.0	-6.814412351518487	1.0	-2.547369959501785	1.0		0.0		0.0		0.0	-6.791153258487035	1.0		0.0	-5.652668907843266	1.0	-7.026838897019402	2.0	-5.17950336036627	2.0
samp_03	-5.389016696164424	5.341814848318862	0.02084910942026425	-5.162153219296444	1.0		0.0	-5.19281716966586	1.0	-6.631357426766196	2.0	-5.629207268126452	4.0		0.0	-3.222013856017604	1.0	-3.6626726092341637	1.0		0.0		0.0	-8.23952418775808	2.0	-6.954728162161575	2.0	-2.5423038825048963	1.0		0.0	-10.384914047560228	2.0		0.0	-6.897928757090078	1.0	-10.32723542627813	1.0	-5.685881284250199	1.0	-7.166567436794838	1.0		0.0
samp_04	-5.811163379692936	5.106665166356901	0.1282415306752066	-5.138252519887746	1.0		0.0		0.0	-6.547499268041426	2.0	-5.592572577235137	2.0	-4.161555396245978	2.0	-3.229868070687333	1.0	-3.6786983447650403	2.0	-6.433979474378183	2.0		0.0	-8.065154454431692	1.0	-6.837152821358369	3.0	-2.548316250609736	1.0		0.0		0.0	-4.064494005357422	1.0		0.0	-10.14977947872539	3.0		0.0		0.0		0.0
samp_05	-5.855313657577167	5.199188584923917	0.08491515684582511	-5.141670259438393	1.0	-5.1360633373961635	2.0		0.0	-6.56306133761319	1.0	-5.597479722859628	3.0		0.0	-3.2248872285895027	2.0	-3.6695481374135133	1.0	-6.448341669945582	1.0	-10.575273224811495	3.0	-8.089715038877955	1.0	-6.851266610002493	1.0		0.0		0.0	-10.207237392548286	3.0		0.0	-6.813872067956797	1.0		0.0		0.0	-7.063066939270856	1.0		0.0
samp_06	-5.734187420511732	5.504354218324962	-0.03576791828997147		0.0		0.0		0.0	-6.640860205321133	3.0		0.0		0.0	-3.2160242920311326	2.0	-3.650057964998329	2.0	-6.520431515741916	2.0		0.0	-8.243710796295112	4.0		0.0	-2.538332644892956	1.0	-4.0760124666348	2.0		0.0		0.0		0.0	-10.387976234850795	2.0	-5.676651051835484	2.0		0.0	-5.202978547609087	1.0
samp_07	-6.20244654648257	4.858565719089992	0.3432562172986445	-5.158218555792643	1.0		0.0	-5.190924000562135	1.0		0.0	-5.606876221404259	2.0	-4.191341820636071	2.0		0.0		0.0	-6.419253065228419	1.0	-10.464290928643742	1.0	-7.983066328191349	1.0	-6.80451066033169	1.0		0.0	-4.136974037279649	3.0		0.0	-4.093987328816551	1.0	-6.770032952827103	3.0	-10.03614737078406	1.0		0.0	-7.006922703798911	1.0	-5.181296241490952	2.0
samp_08	-5.486701446608033	5.2700375304254665	0.13307723740613858	-5.188050903756164	1.0		0.0		0.0	-6.653528860738073	2.0	-5.658219282079415	1.0	-4.183502040708756	1.0	-3.2340447258381335	1.0	-3.6817370371466263	1.0	-6.535776032170957	1.0		0.0	-8.255552929552662	4.0	-6.974280803024341	2.0		0.0	-4.107349086044429	1.0	-10.41055342587578	1.0	-4.084547626992317	1.0	-6.918455325765165	2.0	-10.356282385380654	1.0		0.0		0.0	-5.220837484738708	1.0
samp_09	-6.253763505607174	4.849670119228994	0.2665086077993604		0.0	-5.119591872892807	1.0	-5.153613342956155	1.0	-6.482105004594703	1.0	-5.565319175485285	2.0		0.0		0.0	-3.7081339335175705	1.0		0.0	-10.378075062128666	3.0	-7.918979136774454	1.0	-6.752248171849778	1.0		0.0	-4.111617987698489	1.0		0.0	-4.070031953924343	1.0		0.0	-9.937589162018396	3.0		0.0	-6.9545976657229405	4.0	-5.145071869703431	1.0
samp_10	-5.878161079232267	4.967836091125669	0.17880238127395792		0.0		0.0	-5.154218375104775	1.0		0.0	-5.5713965885104475	2.0	-4.1584139640386715	1.0	-3.235471250878238	1.0	-3.6893011554631054	1.0		0.0	-10.447159135980531	1.0	-7.993990630352103	2.0	-6.790890746122107	1.0	-2.5528818365842296	1.0	-4.097495773128541	1.0	-10.05559673136931	1.0	-4.062055156053536	2.0	-6.75232911617534	1.0	-10.052869569441075	1.0	-5.630000241482823	1.0	-6.995355409809549	3.0		0.0
samp_11	-5.595935125482758	5.194345808164798	0.14993466321072338	-5.174082541980116	1.0	-5.16911468725836	1.0		0.0		0.0	-5.6386060071318855	1.0		0.0	-3.2349954903932527	1.0		0.0	-6.500967596755787	3.0	-10.650289003367803	1.0		0.0	-6.9258916711850445	1.0	-2.550638384531794	2.0		0.0	-10.330478951042059	2.0	-4.080563382095939	1.0	-6.875971243834702	3.0		0.0	-5.697428873839998	1.0	-7.135262909018332	2.0	-5.205110937823316	1.0
samp_12	-5.864564612690415	4.571698875528787	0.6088018585860245		0.0	-5.204019657462485	2.0		0.0	-6.553963242160549	2.0	-5.649228185216443	2.0	-4.249082259656768	1.0		0.0		0.0	-6.445736127417867	1.0	-10.480606010267847	1.0	-8.031110408285732	4.0	-6.846202621114623	1.0		0.0		0.0	-10.09799150152532	1.0		0.0	-6.7986068552497425	1.0	-10.090224313095796	2.0		0.0	-7.040797710495114	2.0	-5.217076024147203	1.0
samp_13	-5.80650638062969	5.351102000109927	0.008651155097569706		0.0	-5.138997893583176	1.0		0.0	-6.592348622972829	3.0	-5.605235876457384	2.0		0.0	-3.218022969576657	1.0	-3.6563042698680013	1.0	-6.475132295568354	2.0	-10.649029853452223	1.0	-8.150030713099651	3.0	-6.884365809970636	1.0		0.0	-4.077610496830031	4.0	-10.299302809759409	1.0		0.0		0.0		0.0		0.0	-7.101717638046497	1.0		0.0
samp_14	-6.4472226579535254	5.069909533927551	0.20167822695578325	-5.148419198093903	1.0		0.0		0.0	-6.53879362574336	1.0		0.0	-4.171939922137289	2.0	-3.2377048783217544	2.0		0.0	-6.427092518212369	2.0	-10.493081199788243	5.0	-7.986192440986005	1.0		0.0		0.0	-4.105482040548566	2.0		0.0	-4.074550934927027	1.0	-6.778761782230683	2.0	-10.033192622762483	1.0		0.0	-7.013972127106327	1.0		0.0
samp_15	-5.797906327515219	5.2956586530633185	0.08356327258777464	-5.1640807612277815	2.0		0.0		0.0	-6.610034554995382	2.0		0.0		0.0	-3.226144661565605	2.0	-3.669354509201733	1.0	-6.493311409281254	1.0	-10.668108739760925	1.0	-8.169196398874318	2.0		0.0	-2.54497466751074	1.0		0.0	-10.322512777147242	1.0		0.0		0.0	-10.29207649954127	1.0	-5.681035159703701	2.0	-7.120613954225325	3.0	-5.198556026029294	2.0
samp_16	-6.136359348740402	4.968939457986007	0.13530156639477253	-5.099873734976011	1.0	-5.096457673505256	1.0	-5.131065602672107	2.0	-6.471497570833796	1.0	-5.543688162819154	2.0		0.0	-3.2273639538200527	1.0	-3.67747896512182	2.0		0.0	-10.381703033824031	2.0		0.0	-6.74272930052866	3.0	-2.548098995523176	1.0		0.0	-9.920313445834118	1.0	-4.048477629371635	1.0	-6.711715136923126	1.0		0.0	-5.600295479763725	2.0		0.0		0.0
samp_17	-5.463725926403362	5.310890009930503	0.07875742331123127		0.0	-5.169392681416937	3.0	-5.206856453528448	2.0		0.0		0.0		0.0		0.0	-3.6718431629064288	2.0	-6.525095004640269	2.0		0.0	-8.247710764949922	2.0	-6.963716313484586	2.0		0.0	-4.096462676159093	1.0	-10.400412234869284	1.0	-4.0760454193344255	1.0	-6.908628684616868	2.0	-10.34553425698999	1.0	-5.701966644075786	1.0		0.0	-5.209914354351414	1.0
samp_18	-4.917060773610408	5.586195008057565	-0.10427879856085008		0.0		0.0	-5.218330904764049	1.0	-6.73614121927726	2.0	-5.671791582707705	1.0		0.0	-3.217913596364296	1.0	-3.6517081401200837	2.0	-6.611627451896207	1.0		0.0		0.0	-7.1196667292684985	2.0		0.0		0.0		0.0		0.0	-7.027111091636791	2.0		0.0	-5.729261690843158	6.0	-7.323607721405994	2.0	-5.2292511836269675	1.0
samp_19	-5.11362972091027	5.624889067661084	0.020897412695541857		0.0	-5.221668932579815	2.0	-5.262038493577598	1.0	-6.808564941539098	2.0	-5.724801135389736	2.0		0.0	-3.227663148968559	1.0	-3.665044144790466	1.0		0.0		0.0		0.0		0.0	-2.544582367023226	1.0	-4.101853366547938	1.0	-10.705974081622342	2.0		0.0	-7.102822459723319	3.0		0.0	-5.782623687509592	1.0	-7.402918465998371	1.0	-5.273775182592465	3.0
samp_20	-5.341365660141616	5.59904197028904	0.060215577638848876	-5.229885423804214	2.0	-5.220188563002794	1.0		0.0	-6.78637535126943	1.0	-5.7180579767522195	3.0	-4.194962375621159	1.0	-3.228948835151074	3.0	-3.6672871789067636	1.0		0.0		0.0	-8.493129827394885	1.0		0.0	-2.5454144099291325	1.0		0.0	-10.691335615489487	2.0	-4.09462309754317	1.0	-7.071663031022683	1.0	-10.617311004885519	1.0		0.0		0.0	-5.2719883893740604	2.0
samp_21	-6.138940797661542	5.143145012463892	0.17886214139198348	-5.161055981907028	2.0	-5.156196102648843	1.0		0.0	-6.572639715568029	2.0		0.0		0.0	-3.235823043786905	1.0		0.0		0.0	-10.583332972014329	1.0	-8.066558206187203	1.0	-6.850872736956367	1.0	-2.5515835911238467	3.0	-4.105345513778754	1.0		0.0	-4.0775527127424285	2.0	-6.818748730705548	1.0	-10.170224039394284	1.0		0.0	-7.061631659125838	2.0	-5.191619805124843	2.0
samp_22	-4.998418528040546	5.547990572096643	0.07655353572707117	-5.24664919344652	1.0		0.0	-5.278537548439597	1.0		0.0	-5.745895657355236	1.0	-4.202951124305577	2.0	-3.2338249845948734	1.0	-3.675988543360718	2.0	-6.698927569759343	1.0		0.0		0.0	-7.220911569260884	1.0	-2.5482218530841685	2.0	-4.114008958136539	1.0	-10.698814990670284	1.0	-4.101973820363097	1.0		0.0		0.0	-5.8084512537896025	1.0	-7.423792489387554	1.0	-5.285875256350149	4.0
samp_23	-5.865150760309967	4.756687365108762	0.39184875327942126	-5.157360373111749	1.0	-5.157108452072532	1.0		0.0	-6.52434797044433	1.0	-5.606036825073862	1.0	-4.1973116541741256	2.0	-3.273191209084553	1.0		0.0		0.0	-10.45071010934803	1.0	-8.003685753461507	2.0	-6.812701650629956	3.0		0.0	-4.149257094977374	1.0	-10.06284467294172	1.0	-4.100312845221379	1.0	-6.769138941861364	2.0		0.0		0.0	-7.011411449493551	1.0	-5.177510778083956	2.0
samp_24	-5.788499185040577	5.0887613086509225	0.24684190976721032	-5.184356808463573	3.0		0.0		0.0	-6.607034946210258	1.0	-5.646034548511232	1.0	-4.191943355160576	3.0		0.0	-3.704251235182205	1.0		0.0		0.0	-8.145708775731803	3.0		0.0		0.0		0.0		0.0		0.0	-6.860342158400921	4.0	-10.251983955434874	2.0	-5.705954257404452	2.0		0.0	-5.212524186910864	1.0
samp_25	-5.218903302253072	5.460108944904167	0.0829392459065769		0.0	-5.211597502041249	1.0	-5.250657837966603	3.0		0.0	-5.704558664503197	1.0	-4.192579828166634	1.0	-3.2316156114576184	1.0		0.0	-6.625788495927747	2.0		0.0	-8.422393832838251	2.0		0.0	-2.547299627617515	1.0	-4.10755095398623	2.0	-10.590843282645695	2.0	-4.092541841002066	1.0	-7.030834730322143	2.0		0.0	-5.764155365463264	1.0	-7.317431793116228	1.0		0.0
samp_26	-6.050829415293639	5.160651595917307	0.1636833464413264	-5.160542579658308	1.0	-5.155508754744399	1.0		0.0		0.0		0.0		0.0	-3.234182491640935	1.0	-3.6836835003851425	1.0	-6.463076846598035	1.0	-10.59496453398778	1.0		0.0	-6.858870287991842	1.0	-2.550488720084245	1.0	-4.103021627935997	2.0		0.0	-4.076102066482052	2.0	-6.824885511874008	2.0	-10.192250627333973	2.0	-5.673595130642359	1.0	-7.070031115628974	1.0	-5.1915207191080555	3.0
samp_27	-5.467425746190308	5.024673358926261	0.3085276658612682	-5.2052439535546196	1.0		0.0		0.0	-6.638010667158729	1.0	-5.672596559739771	1.0	-4.207816474110163	2.0		0.0		0.0	-6.523618620049264	2.0		0.0		0.0	-6.959185242186038	1.0	-2.5660979438769047	1.0		0.0	-10.34372026029921	2.0	-4.108376741060364	2.0	-6.89911635804308	1.0	-10.292245857632532	2.0	-5.736702216082621	2.0	-7.161056032803804	1.0	-5.2305972190369125	2.0
samp_28	-6.288740850648422	5.297510179515098	0.07268427193854578	-5.1502112270715665	1.0	-5.143185664136469	1.0		0.0	-6.575187470815607	1.0		0.0	-4.162825728097323	1.0	-3.222762001316303	1.0	-3.664096511479869	3.0	-6.460079249567812	1.0	-10.609578596228149	2.0		0.0	-6.846172654590516	1.0		0.0	-4.085068027278664	1.0		0.0		0.0	-6.820781565195288	3.0	-10.179473756040931	1.0		0.0	-7.062704641198257	1.0	-5.1854937788187305	3.0
samp_29	-6.192260225573303	5.07375483823591	0.1203429483850683		0.0	-5.115147191242909	1.0	-5.150502906680871	1.0		0.0	-5.567434345798782	2.0		0.0		0.0	-3.674335776016991	3.0		0.0	-10.45761353124926	1.0	-7.972293308595545	2.0	-6.779175564396764	1.0	-2.5467027752778826	2.0		0.0		0.0	-4.055935087186063	3.0	-6.749802523289497	1.0	-10.029665467084637	1.0	-5.62285762170002	1.0	-6.987890616387915	1.0	-5.149033595617577	1.0
samp_30	-5.457708770578876	5.14820225903349	0.18925638374085343	-5.184336182323149	1.0	-5.180230733578142	1.0		0.0	-6.62994961746485	2.0	-5.651632988634679	1.0	-4.186868301679883	2.0	-3.241178069739732	1.0		0.0	-6.514116344596553	2.0		0.0	-8.212447640177182	1.0	-6.949937074417384	2.0	-2.554513408443816	1.0	-4.116951514855012	1.0	-10.349070217335656	1.0		0.0		0.0	-10.296793474434057	1.0	-5.712852536942644	1.0	-7.155708856558055	2.0	-5.2135590476085465	1.0
samp_31	-6.068813818353743	5.195550616480372	0.13876228088484358	-5.158015763795978	1.0		0.0		0.0	-6.577990745054678	1.0		0.0	-4.170914936898575	1.0		0.0	-3.678300568282393	1.0	-6.463641903928837	2.0	-10.602317944191517	3.0	-8.085976564983108	1.0		0.0	-2.548382197745954	1.0	-4.098144335043346	2.0	-10.196885777205615	1.0	-4.073076443259258	1.0	-6.8259694163684514	1.0	-10.198101620722955	2.0		0.0	-7.071198785001971	2.0	-5.190036468256698	1.0
samp_32	-6.066434183152585	5.304150830410031	0.08055140950701084		0.0	-5.151678816692699	2.0		0.0	-6.5941609635358915	1.0		0.0		0.0		0.0	-3.6667349548965467	1.0		0.0	-10.649488164508911	2.0		0.0		0.0	-2.544068845101354	4.0	-4.088988486647066	1.0	-10.252335577712294	1.0	-4.069149445026927	1.0	-6.844174727794953	4.0		0.0	-5.670299099122684	1.0	-7.091710572695752	1.0	-5.193724906689221	2.0
samp_33	-5.450843747988518	5.511159516008809	-0.010044458511122603	-5.1825884675891665	4.0	-5.1735562951144995	2.0		0.0	-6.686920794627111	1.0	-5.655164206183032	3.0		0.0		0.0	-3.656698952938811	2.0	-6.564822497803477	1.0		0.0	-8.33481610182291	2.0	-7.013786883384855	1.0	-2.540871614829178	1.0	-4.0854810733816995	1.0	-10.515152631428766	1.0		0.0		0.0	-10.453616070670876	1.0	-5.708714513472078	1.0		0.0		0.0
samp_34	-5.81527353344211	5.17928990991843	0.17719348523384448	-5.175710664281056	2.0	-5.170767783202111	1.0		0.0	-6.60813978711477	3.0	-5.63767688218332	1.0	-4.181715688047369	1.0	-3.2372651466445963	2.0		0.0	-6.493014349546998	1.0	-10.645967076906775	1.0	-8.15284819859025	2.0		0.0		0.0	-4.109918789594538	1.0	-10.294952694629801	1.0	-4.083227481197403	1.0	-6.862011294537	1.0		0.0	-5.6955040237223225	1.0	-7.1146908275325575	2.0		0.0
samp_35	-5.177432257988909	5.364278488486163	0.16368614009734483		0.0	-5.229100717374226	1.0	-5.267726169365409	1.0	-6.756588095993919	1.0	-5.723064008643679	1.0		0.0	-3.2407885287172924	1.0	-3.690056063284668	1.0	-6.635264639827448	2.0		0.0	-8.420952358028702	1.0	-7.119874538155843	1.0	-2.5529094250421145	1.0		0.0	-10.58157645577679	1.0	-4.104027055114954	5.0	-7.038743301966153	1.0		0.0	-5.786262117375182	1.0		0.0	-5.269182653345156	2.0
samp_36	-5.661500114130501	5.359732465881298	0.21034835302349075	-5.232656098018521	1.0	-5.226086260026328	1.0	-5.2644751992157515	4.0		0.0		0.0	-4.206526500974999	4.0		0.0		0.0	-6.605259843821427	3.0		0.0	-8.350415516194865	2.0		0.0	-2.553899620077568	1.0	-4.125671607223777	1.0		0.0		0.0		0.0	-10.498286715244255	1.0		0.0		0.0	-5.267743479989468	3.0
samp_37	-6.534856713965175	4.981333253252827	0.23180195840578818	-5.13804750431553	1.0	-5.134719591924812	1.0	-5.169607954826672	2.0	-6.512756669649714	1.0	-5.5849815197349395	1.0	-4.170160143406208	1.0	-3.2416787599740373	1.0	-3.697496825597693	1.0		0.0	-10.422627252962583	3.0	-7.9402488937614795	3.0	-6.776215065267119	1.0	-2.5565348829691574	1.0		0.0		0.0	-4.073243848102094	1.0		0.0		0.0	-5.641699014919694	1.0		0.0	-5.164954365062907	2.0
samp_38	-6.504764357196459	5.113724783394436	0.2537313642385067	-5.17956925438766	2.0	-5.175118507707897	1.0		0.0	-6.583051584176307	1.0	-5.635183410369304	2.0	-4.189955670608595	1.0		0.0		0.0	-6.470610773870693	1.0	-10.574243417215751	1.0		0.0		0.0	-2.55735486619672	2.0		0.0		0.0	-4.091358852133089	2.0	-6.824422058133967	1.0		0.0	-5.69149976349425	2.0	-7.060903339618803	1.0	-5.20931716202622	4.0
samp_39	-5.947518123767187	5.14114293075822	0.16878450131291653	-5.160227454809756	1.0	-5.15550440376062	1.0		0.0	-6.577133950205602	3.0	-5.617514787412733	1.0	-4.174394038050235	2.0	-3.235235072959244	2.0		0.0		0.0	-10.591526631007342	3.0		0.0	-6.863555146159561	1.0		0.0	-4.104447195776667	2.0	-10.209261464965428	2.0		0.0	-6.826514503522366	1.0	-10.198919549280832	2.0		0.0		0.0		0.0
samp_40	-5.750122751111118	5.07029273256756	0.19598714450621718	-5.159088618393366	2.0	-5.155373627302031	3.0	-5.191090269462199	1.0	-6.57237428765076	2.0	-5.6167638715561665	1.0		0.0		0.0		0.0		0.0		0.0		0.0	-6.868300013924644	2.0	-2.554420790621344	2.0	-4.110396907050349	2.0		0.0	-4.078703621255964	2.0	-6.824307339829867	1.0	-10.190341351901228	1.0	-5.676024311309876	1.0	-7.07500869221293	1.0		0.0
samp_41	-5.456224029710286	5.542021294494381	-0.012880734173295598	-5.1871070026265	2.0	-5.177677731942461	1.0	-5.216705692535223	3.0	-6.699057450665308	2.0	-5.660995041456925	2.0		0.0		0.0	-3.6561120475403404	1.0	-6.576226127162232	1.0		0.0	-8.355998995983134	2.0		0.0		0.0	-4.08593823457299	1.0	-10.542768324699752	1.0		0.0	-6.97250865708899	1.0	-10.480094956964093	1.0	-5.714042370708376	2.0	-7.248939923961039	1.0		0.0
samp_42	-5.803426568321875	5.111951519856905	0.1052959644973916	-5.130294563755094	1.0	-5.125699367984811	1.0		0.0	-6.537751526958045	1.0	-5.583428536328056	2.0		0.0		0.0	-3.674045105356084	1.0		0.0		0.0		0.0	-6.826562047815254	2.0	-2.546421791668105	2.0	-4.08775841672154	1.0		0.0		0.0	-6.787231872081965	1.0	-10.133832406367857	2.0	-5.640290745133792	4.0	-7.035083925236173	1.0	-5.160098748394729	2.0
samp_43	-6.070438947650366	5.159949149364684	0.16866433500803482	-5.162041804372396	1.0		0.0	-5.193269397392607	2.0	-6.578322849906448	1.0	-5.618906373310051	1.0		0.0		0.0	-3.6845459534967087	1.0	-6.464412860807648	3.0	-10.596934480320375	3.0	-8.083014070591899	2.0		0.0		0.0	-4.104090850560242	1.0	-10.19034329190411	1.0	-4.07708955998175	2.0		0.0	-10.192288488120141	2.0	-5.675163393365203	1.0		0.0		0.0
samp_44	-5.85615677924257	4.984196206366076	0.19711680253644812		0.0		0.0	-5.166938453096409	2.0	-6.525792251852026	1.0	-5.5862578837777335	2.0	-4.165851295400832	1.0	-3.2387247786901843	1.0	-3.69370545564603	1.0		0.0	-10.480902162477193	1.0	-8.022098197333404	1.0	-6.812504270702248	2.0		0.0	-4.104173969775573	2.0	-10.09887768556048	1.0	-4.069032274729632	1.0	-6.772645694786858	1.0	-10.090512636956042	1.0	-5.645266752248755	1.0	-7.017299814806464	1.0	-5.161328478358062	1.0
samp_45	-5.82282358433227	5.23671386197093	0.09265423692761691	-5.1541054459043005	1.0	-5.148172326987431	2.0	-5.1848711619162415	1.0	-6.586572327652633	1.0	-5.613029758341318	1.0	-4.165963649257047	1.0	-3.226516910505255	1.0	-3.671141911839388	1.0	-6.471003609424768	1.0	-10.61987907081862	1.0	-8.12848188615531	1.0	-6.878672566442629	1.0	-2.5455007731768564	1.0	-4.091285282028859	1.0	-10.263778357838188	1.0		0.0	-6.839708200198834	2.0	-10.239482611089612	2.0	-5.668602021694487	1.0		0.0		0.0
samp_46	-5.512443587972891	4.90676845120387	0.3390499022933495		0.0	-5.184499357545059	1.0		0.0	-6.592559011780881	1.0	-5.646095478695548	1.0		0.0		0.0		0.0	-6.480132392694575	2.0	-10.565577911969921	1.0	-8.136418836215388	1.0	-6.9053794035659175	1.0		0.0	-4.147237895615835	1.0	-10.2467865862179	4.0	-4.105092723987326	1.0		0.0	-10.20365858184176	1.0	-5.710511433160565	3.0	-7.104713501958316	1.0	-5.208413129828387	2.0
samp_47	-5.491600283348745	5.3217367147580745	0.10559259720971778		0.0	-5.18157262113117	1.0		0.0	-6.661678854398395	1.0		0.0	-4.181380374881684	1.0	-3.2309867409273285	1.0	-3.6761425515165898	1.0	-6.543070149300992	1.0	-10.73396299959363	2.0	-8.27239038378362	2.0	-6.982997485715747	1.0		0.0		0.0	-10.434231253829997	6.0		0.0	-6.927833791914655	3.0		0.0		0.0		0.0	-5.222312409844449	1.0
samp_48	-6.291886126088106	4.894632226741393	0.27992511038541396		0.0		0.0	-5.171167542615853	1.0	-6.508150156559195	1.0	-5.585651188550392	1.0	-4.175577172451956	3.0		0.0		0.0	-6.3982202293603025	2.0	-10.426751149185836	4.0	-7.950617817734645	1.0	-6.778702325605548	1.0	-2.5625370869576565	1.0	-4.118766595162822	1.0		0.0		0.0	-6.747395399104397	1.0	-9.984413861710623	3.0		0.0	-6.9822560193971235	1.0		0.0
samp_49	-5.498465084335214	5.277363992903852	0.017762639448897315		0.0		0.0		0.0	-6.588388756305045	2.0	-5.603356531493758	1.0	-4.156351440918209	1.0	-3.2197666707045065	1.0	-3.660724192703857	3.0		0.0		0.0	-8.165546910780465	1.0	-6.8983030011204916	1.0	-2.5413041551000295	3.0	-4.079972614237279	1.0	-10.297717225573841	1.0	-4.059098406760395	1.0		0.0	-10.250672047545768	1.0	-5.65941197848146	2.0	-7.109698862433305	2.0		0.0
samp_50	-5.732108958033589	5.219900285033713	0.11700326352463515	-5.162461409904332	1.0	-5.156910279809232	1.0	-5.193605651848788	1.0	-6.599133992619482	1.0		0.0		0.0		0.0	-3.676623385128314	2.0	-6.48340027825145	1.0		0.0	-8.153346424774309	2.0	-6.897692985048502	1.0	-2.547598387729823	1.0		0.0		0.0	-4.073370169286974	2.0	-6.85457049869538	3.0	-10.261027083026608	1.0	-5.680512768099345	1.0	-7.109361433456819	2.0	-5.194660610830039	1.0
samp_51	-5.467848983826418	5.289574359714017	0.16104873465554606		0.0	-5.198933747895007	2.0	-5.236585920531488	1.0	-6.681685257655166	1.0		0.0	-4.1923616785296325	1.0	-3.237768533168289	1.0	-3.68681398517089	1.0	-6.563184062092893	1.0		0.0	-8.29807767098391	3.0	-7.0080790224592455	1.0		0.0		0.0	-10.462213143399532	1.0	-4.092779882145585	1.0	-6.949347670493026	3.0	-10.404212886413118	1.0	-5.738689950798984	1.0		0.0	-5.237713995852711	2.0
samp_52	-5.863822433542482	4.672237556063793	0.5319419938235712	-5.19694920862019	1.0		0.0	-5.231237065326531	1.0	-6.560940311125614	4.0	-5.647072570836212	2.0	-4.234623054481227	2.0		0.0		0.0	-6.451811815497812	1.0	-10.502243380355976	1.0	-8.046023115980507	1.0	-6.853330989118007	2.0		0.0		0.0	-10.122932125244548	1.0	-4.136751607300246	2.0		0.0		0.0	-5.712190482214935	1.0		0.0	-5.214343439375486	2.0
samp_53	-5.815675595857847	5.215682628147443	0.09350316460874983		0.0	-5.144151394062731	1.0		0.0		0.0		0.0		0.0		0.0	-3.6714584446685463	2.0	-6.462761557811314	2.0	-10.601741656040769	1.0	-8.115535679258237	1.0	-6.869634182662762	2.0	-2.545567410114068	1.0		0.0	-10.244287856674916	1.0		0.0		0.0	-10.220980403765179	6.0		0.0	-7.0817779402944785	1.0	-5.1822622452607465	3.0
samp_54	-5.293739404352977	5.506209217536078	0.00988967558355139		0.0		0.0	-5.226171319462395	2.0	-6.715549063958026	1.0		0.0		0.0	-3.2237571010501442	4.0	-3.661682694995472	2.0	-6.5926949042067395	2.0		0.0	-8.381765378213892	2.0		0.0	-2.542709799560249	1.0		0.0	-10.55340819039435	1.0	-4.079915345673657	2.0	-6.993919087918023	1.0		0.0	-5.730301476244761	3.0		0.0		0.0
samp_55	-5.5590880045685385	5.243792795953114	0.034811773446431125	-5.139797970914698	2.0		0.0	-5.170463295487292	1.0		0.0	-5.598860024175748	1.0		0.0	-3.220882114957592	1.0	-3.663030777728599	3.0	-6.461090809132104	1.0	-10.591666378161845	1.0		0.0	-6.882215158200543	2.0	-2.542169179659196	1.0		0.0	-10.26949313994835	3.0	-4.058852159826947	1.0	-6.8350129817913015	2.0	-10.227672624510621	1.0	-5.655051823078067	1.0		0.0		0.0
samp_56	-6.519412207763603	5.245578422958011	0.12704900358579893		0.0	-5.150804928825267	3.0	-5.187475395151976	1.0	-6.572036748339431	1.0	-5.61153745080222	1.0		0.0	-3.2283069724178985	1.0		0.0	-6.458115532670177	2.0	-10.576016143395712	4.0	-8.03466426626374	1.0		0.0	-2.546573393257491	2.0	-4.094100395379896	1.0		0.0	-4.071668460293225	1.0	-6.814063457473525	1.0		0.0	-5.6644086048456375	1.0		0.0	-5.191029851613394	1.0
samp_57	-5.5199332741081335	5.128150134280896	0.12389863328479737		0.0		0.0	-5.181374965749341	1.0		0.0		0.0		0.0	-3.2313206400345154	1.0	-3.680683362352504	2.0		0.0	-10.5701251549479	1.0	-8.1329061368799	2.0	-6.885014290200798	2.0	-2.548955976787221	1.0	-4.097481945461208	2.0	-10.250501188339808	3.0	-4.069020189481554	3.0	-6.833757033384246	1.0		0.0		0.0	-7.091319857824592	1.0	-5.179086828733893	1.0
samp_58	-5.7905949276081055	5.011881961154168	0.1947112223535836	-5.142679108962205	2.0		0.0	-5.174669525688712	3.0		0.0	-5.596229373154034	1.0	-4.16914964115454	2.0	-3.238948167078277	2.0	-3.6936075879345758	1.0		0.0		0.0	-8.051335928387122	1.0	-6.832474352878584	1.0		0.0	-4.1060654320747165	2.0		0.0	-4.072020575246001	1.0		0.0	-10.126200203085158	1.0	-5.655467493136232	2.0	-7.037696938807279	2.0		0.0
samp_59	-5.449452350141757	5.252741105327251	0.16869239847886117	-5.200399814737198	2.0		0.0		0.0		0.0	-5.673251209841564	1.0	-4.191416444722277	1.0	-3.23879120572564	2.0	-3.689104272617823	1.0	-6.5522698341810885	1.0		0.0	-8.279149981284297	1.0		0.0	-2.552429321116606	1.0		0.0	-10.435595656457226	1.0	-4.091995109707708	4.0		0.0	-10.378125512648431	1.0	-5.733598648253777	1.0	-7.2052763891635045	3.0	-5.232370722978835	1.0
samp_60	-6.531000070944701	4.8833647536343	0.310922405153314	-5.146338703198022	2.0	-5.144213710406976	2.0	-5.17854187315605	2.0		0.0	-5.59223038498238	2.0	-4.182142307373986	1.0	-3.2548402540748382	1.0		0.0	-6.401395654406361	2.0	-10.405990362967323	1.0	-7.932017935480789	1.0	-6.7754553268152975	1.0		0.0	-4.126010509986716	1.0		0.0		0.0	-6.74746225198419	2.0		0.0	-5.650708414200752	2.0		0.0	-5.170559678814974	1.0
samp_61	-5.600478109363797	5.103930138075064	0.19632658534297984	-5.171776902544211	1.0	-5.167932167350806	1.0		0.0	-6.599905673258911	2.0	-5.633976429280159	2.0	-4.182104435246798	1.0	-3.240966100688383	3.0		0.0		0.0	-10.60946431040207	1.0		0.0	-6.907088096838209	2.0		0.0	-4.114373691949621	2.0	-10.284555138576295	2.0	-4.083808131589966	2.0	-6.856731364553495	1.0		0.0		0.0		0.0	-5.200272276718664	1.0
samp_62	-5.344871214992383	5.262781400104845	0.15005490236072874		0.0		0.0	-5.231174656120385	3.0	-6.675027549120634	2.0	-5.673478690395355	2.0		0.0	-3.237304878777153	1.0	-3.6868586772549703	1.0		0.0		0.0		0.0	-7.009569124804943	1.0	-2.551470496331892	1.0		0.0	-10.44311395217478	2.0	-4.090159220594029	3.0	-6.944779016164727	1.0	-10.380402742894182	1.0	-5.7344731194361005	1.0	-7.216919933379733	1.0	-5.231077529992673	1.0
samp_63	-6.090655738969042	4.862763083447847	0.19245137981692612		0.0	-5.09353406457269	1.0		0.0	-6.45542465077695	1.0	-5.537730018649623	2.0		0.0	-3.2352500374350632	3.0	-3.6904848783213238	1.0		0.0	-10.342438798526127	2.0	-7.901067658666945	1.0	-6.728171680924655	3.0	-2.554015630129237	1.0		0.0	-9.88554095019663	1.0	-4.051503233011976	3.0	-6.694859135298875	1.0	-9.919670918196706	1.0		0.0		0.0		0.0
samp_64	-6.316616023029947	4.930197090349929	0.21578972100205845	-5.120741531981301	1.0	-5.117911888667311	2.0		0.0		0.0	-5.565657305715919	2.0	-4.160793866354077	1.0	-3.239321048380867	1.0	-3.695070547785522	1.0		0.0	-10.396463218770977	3.0	-7.927356151625092	1.0	-6.757305429124575	1.0	-2.5556677539501873	2.0		0.0		0.0	-4.064571693199679	3.0		0.0	-9.948643118031297	2.0		0.0	-6.961915794419944	1.0		0.0
samp_65	-5.637293058811461	5.250245084525415	0.2170290603720907	-5.213490218447006	1.0	-5.2082114103776975	1.0		0.0	-6.679104170326225	4.0	-5.686087582047357	1.0	-4.200448072831273	1.0		0.0		0.0		0.0	-10.762140510240318	1.0	-8.275853905587727	2.0		0.0	-2.5552825068559946	1.0		0.0	-10.44977852488604	2.0		0.0	-6.941970389321792	1.0	-10.401118660731443	1.0	-5.745779789181835	2.0		0.0	-5.245525132946241	3.0
samp_66	-6.162832097656261	5.18339565305547	0.11210529665794057	-5.14282168247633	1.0		0.0		0.0	-6.553236215439575	2.0		0.0	-4.162254878846989	2.0	-3.2269390579471793	1.0	-3.6726463350399747	3.0	-6.439514830362163	2.0	-10.555512645389944	1.0		0.0	-6.828120000534494	3.0	-2.546114792622546	1.0		0.0		0.0		0.0	-6.798470891808934	1.0	-10.137579866573894	1.0		0.0		0.0	-5.174844042679524	3.0
samp_67	-5.82628680679187	5.154440357341806	0.12984128719898685	-5.150091390671623	1.0	-5.145166264280269	2.0	-5.181321798349094	1.0	-6.569427225688595	1.0		0.0		0.0	-3.230543859298784	5.0		0.0		0.0	-10.577982473404608	1.0	-8.097170882096217	1.0	-6.86033072076969	1.0	-2.548367684233188	2.0	-4.096343642503153	1.0	-10.215502072098523	1.0	-4.0694071468333	2.0		0.0		0.0		0.0	-7.070366535048895	2.0		0.0
samp_68	-6.061935849163273	4.908565047392672	0.16333721244476404		0.0	-5.093824081341236	1.0	-5.128071800654559	2.0		0.0	-5.539526646080278	1.0		0.0	-3.2311618774302024	2.0	-3.683985821929409	1.0		0.0	-10.36076931784082	1.0		0.0	-6.735826160864215	2.0	-2.55100082687909	2.0	-4.086580686033506	1.0		0.0	-4.049302842562158	2.0		0.0	-9.942353185886407	3.0	-5.597255386264965	1.0	-6.939383229368345	2.0		0.0
samp_69	-5.126967103641215	5.771143762104322	0.004829031311977127		0.0	-5.236635294085416	3.0	-5.278226937941804	3.0	-6.871007480592883	3.0		0.0		0.0		0.0	-3.661183115212128	1.0		0.0		0.0	-8.636916539718596	1.0		0.0	-2.544019018439523	1.0	-4.101684351956169	3.0	-10.834002527216377	1.0	-4.098796665664462	1.0	-7.1752934320484885	1.0		0.0		0.0	-7.486519117664584	1.0	-5.295497318153949	2.0
samp_70	-5.361681476368722	5.334480283079444	0.06624677352236288		0.0	-5.17324548178041	1.0	-5.210938252344709	4.0		0.0		0.0		0.0		0.0	-3.6708008724364696	1.0	-6.538884668391144	1.0		0.0	-8.27689119795393	1.0	-6.987805644453173	1.0		0.0	-4.096395565651828	2.0	-10.427865817611858	2.0		0.0	-6.9270044035313525	2.0	-10.366680090493054	1.0	-5.709303628983833	2.0	-7.198525917036674	2.0	-5.214349886808146	1.0
samp_71	-5.106811650322995	5.549332127129118	-0.00690800260202674		0.0	-5.19820954750218	1.0	-5.237691799332079	1.0	-6.752267786047713	1.0	-5.692483491084955	1.0		0.0		0.0	-3.6618746225133822	3.0	-6.627792858384335	3.0		0.0		0.0	-7.1213650685493075	1.0	-2.5429145536932167	1.0	-4.094423437306036	1.0	-10.60384369425409	1.0	-4.083535815731681	2.0	-7.039573084532856	2.0		0.0	-5.750263101045473	2.0		0.0	-5.247297793876004	1.0
samp_72	-6.185928405037068	4.89575107274883	0.26697377304440423		0.0		0.0	-5.167461853826213	2.0		0.0	-5.582201108670653	1.0	-4.172590978843648	1.0	-3.248276076482208	2.0		0.0	-6.396034072332578	1.0	-10.429927770352549	3.0	-7.958154945497032	1.0	-6.779737509421497	1.0		0.0		0.0		0.0	-4.075931101996657	1.0	-6.746626502255512	3.0	-10.001399372080007	4.0		0.0	-6.98315997462574	1.0		0.0
samp_73	-5.8264746006874875	5.072484160888844	0.2031226508278364	-5.160770218710617	1.0		0.0	-5.192712293817631	2.0	-6.572217406881858	1.0	-5.617960299914081	2.0		0.0	-3.2404425326011124	1.0		0.0	-6.458842592742671	1.0	-10.570215087068647	1.0	-8.09364820143652	2.0	-6.864372221668481	2.0	-2.5548020125849344	1.0	-4.111547264731849	1.0	-10.206805150021498	1.0	-4.079941222206379	1.0	-6.822767838834972	3.0		0.0		0.0		0.0	-5.188975768999367	1.0
samp_74	-5.6285907176905985	5.145034799994006	0.041985270422483185		0.0	-5.1120079417090984	2.0	-5.147838331148657	1.0		0.0	-5.569957622777383	1.0		0.0		0.0	-3.6631215905272083	2.0		0.0	-10.50292238077345	1.0		0.0	-6.825607274150629	1.0	-2.5419227155669093	3.0	-4.0758009671345325	5.0	-10.160953075077018	2.0		0.0		0.0		0.0	-5.626473802585052	2.0	-7.0339221771603135	1.0		0.0
samp_75	-6.545655638398702	4.8455511702635095	0.3068106999517359	-5.134163627703317	1.0		0.0		0.0	-6.491324798831283	3.0	-5.577757396134791	1.0	-4.176166475176737	1.0	-3.2540390081579775	1.0		0.0	-6.382405208705	1.0	-10.36404235679073	1.0	-7.905117864940934	1.0	-6.754735078994077	2.0	-2.56558529374896	1.0		0.0		0.0	-4.079680119109546	4.0	-6.726942494865767	2.0		0.0	-5.63630354099097	1.0	-6.957201678113008	1.0		0.0
samp_76	-5.735277597045427	4.914010487533657	0.32838921769207996	-5.17639578745802	2.0	-5.17475921564871	1.0		0.0	-6.573182782693527	1.0	-5.632967460513859	1.0	-4.197934429754828	1.0	-3.261261899761515	1.0		0.0		0.0	-10.547068008135358	2.0		0.0	-6.87132202945616	1.0		0.0	-4.14084598632156	1.0	-10.195639734668436	3.0	-4.099763788619804	2.0	-6.823892198511198	1.0	-10.170245769518136	1.0		0.0	-7.073220586672995	2.0	-5.199902777588287	1.0
samp_77	-5.438411218880503	5.492128602034057	0.026245568054810185	-5.193249902542007	2.0	-5.184604981288591	1.0		0.0	-6.701262096808909	1.0	-5.668613570205161	3.0		0.0	-3.2240667938073515	2.0	-3.6623095180227874	2.0	-6.579194636873454	2.0		0.0	-8.353139358149368	1.0	-7.031834429515205	1.0	-2.542947560270154	1.0	-4.0923503364413465	1.0	-10.534853399281102	1.0	-4.079636886136797	1.0		0.0	-10.471787299062768	1.0		0.0		0.0	-5.232623496420092	1.0
samp_78	-5.231178074676661	5.588020088614958	0.011117310205005008	-5.2146349214694965	2.0		0.0	-5.244878190677262	1.0		0.0		0.0		0.0		0.0	-3.6621886339269163	2.0	-6.639917067401827	2.0		0.0	-8.463892377057967	3.0	-7.125626760963804	1.0	-2.5433298513313387	1.0	-4.096321951580539	3.0	-10.644922456649072	1.0	-4.086986922684543	1.0		0.0		0.0	-5.756275277234648	1.0	-7.342571355970599	1.0	-5.256295722695121	2.0
samp_79	-5.7661686679907085	5.158715483024448	0.19237826692280022	-5.178552131255068	1.0	-5.173945250142826	1.0	-5.2103904175541365	1.0		0.0	-5.641124567461975	1.0	-4.184301448421412	1.0	-3.239564159490162	1.0	-3.6917891725338308	1.0	-6.49573294617335	1.0		0.0	-8.15960277504876	1.0	-6.90961373994682	1.0		0.0	-4.113591552767301	2.0		0.0	-4.085716968768369	2.0	-6.865488740454695	2.0	-10.270194815314888	2.0		0.0	-7.119309981041396	1.0	-5.2087662391197735	2.0
samp_80	-6.52724241351088	5.042395331995634	0.2769502114624844		0.0	-5.168579634391214	2.0		0.0	-6.563395660329576	3.0	-5.625084819149124	2.0	-4.189454502626905	3.0	-3.2488916640254137	2.0		0.0	-6.451958780473672	3.0	-10.524500503249755	1.0		0.0	-6.830047205439984	1.0		0.0		0.0		0.0	-4.091206177411395	2.0	-6.80314991635396	1.0		0.0		0.0		0.0	-5.2001811830431395	1.0
samp_81	-6.238961725156017	4.792474905606441	0.3847343657143352	-5.157665264999199	1.0	-5.156792343327392	3.0	-5.190629328235114	2.0		0.0	-5.604303576120655	1.0	-4.1961857712207316	1.0	-3.2698433164467855	1.0		0.0	-6.410110682999387	1.0	-10.4368499613892	2.0		0.0		0.0		0.0		0.0		0.0	-4.099055519502351	2.0		0.0	-10.002384899032139	2.0	-5.665235514308333	3.0	-6.994107097725228	1.0	-5.179158379741914	1.0
samp_82	-5.089807712944686	5.4061835472753526	0.0553725923155613		0.0	-5.196826558919296	1.0		0.0	-6.720793305019	1.0		0.0	-4.185039383564243	2.0	-3.229556105156283	1.0	-3.6726518738465455	2.0	-6.599384904151792	3.0		0.0		0.0	-7.084797189408138	2.0	-2.5462918401194665	1.0	-4.102725321055397	1.0	-10.526097627517046	1.0	-4.085571733793244	1.0	-7.002866571050466	3.0		0.0	-5.747630096214812	1.0	-7.289287369255797	1.0		0.0
samp_83	-5.832923393924353	5.269706400546913	0.16081600589264403	-5.1886247124414115	3.0	-5.18263899727377	3.0	-5.219892544063972	1.0		0.0	-5.654534922361366	2.0		0.0	-3.235321879342096	2.0		0.0	-6.522523717620944	1.0	-10.713550564112785	2.0		0.0		0.0		0.0	-4.109130661808533	1.0	-10.368784780007571	2.0	-4.086506181767427	1.0	-6.895609291949139	1.0		0.0	-5.7112510518079835	1.0		0.0	-5.22199726020877	1.0
samp_84	-5.744363721898501	5.450398467333174	0.08867951669097104	-5.198750148756057	2.0	-5.190479774925189	1.0	-5.229038853322691	2.0	-6.687406163851466	1.0	-5.670823227216032	2.0	-4.184244676986455	1.0	-3.228196008003652	1.0	-3.6690521386128045	1.0	-6.567104882008435	2.0		0.0	-8.300898112557572	1.0		0.0	-2.545491988347545	1.0	-4.099453773003122	1.0		0.0	-4.084933296073405	1.0	-6.951420809445287	1.0	-10.4564726511339	2.0		0.0		0.0	-5.237293404003784	1.0
samp_85	-5.782510445154626	5.00220927785724	0.2353305903379282	-5.157771999726022	1.0	-5.154842789464328	1.0	-5.1901034579292675	1.0	-6.560022718938184	1.0	-5.613444255266316	1.0		0.0	-3.245365593814038	2.0		0.0		0.0		0.0		0.0	-6.853613382600213	1.0		0.0	-4.117275348674542	1.0		0.0	-4.082013292023045	2.0	-6.810035910298761	3.0	-10.157653222308477	1.0	-5.673547748029515	2.0	-7.058446358352088	3.0	-5.184052915081466	1.0
samp_86	-5.742476725728159	5.423146029977272	0.03535844936375166	-5.173085641181523	2.0	-5.164924260487964	1.0		0.0	-6.644627494325164	2.0	-5.638949800214606	2.0		0.0	-3.222280235501487	1.0	-3.660973723112412	2.0		0.0		0.0	-8.237713069806723	1.0	-6.946349209815326	1.0	-2.5422086301216837	1.0	-4.087262402366703	1.0		0.0		0.0	-6.905342067820571	3.0	-10.37745943855878	2.0		0.0		0.0	-5.211145043019759	2.0
samp_87	-5.976735300467789	5.286359491185349	0.04723458006284625	-5.143661027231353	1.0		0.0		0.0		0.0	-5.599734297998799	1.0		0.0	-3.2207549467257186	3.0	-3.661601118270345	1.0	-6.457955297988955	2.0	-10.610362957901927	2.0		0.0		0.0	-2.541914079860231	2.0	-4.081328568150585	1.0	-10.224956252583546	1.0		0.0	-6.823830593504173	1.0	-10.21574781748815	2.0	-5.652974426862502	1.0	-7.071958373637891	2.0	-5.178407724054524	1.0
samp_88	-5.867585930365962	4.905931645077	0.23551386751395917	-5.1302364053652525	2.0	-5.128050305314962	1.0		0.0	-6.509483361843353	1.0	-5.579196997163512	1.0	-4.167292205504559	2.0	-3.2443276672724455	2.0		0.0		0.0	-10.443525555227236	1.0		0.0	-6.794902071905402	2.0	-2.558860384117702	1.0	-4.109918440202664	1.0	-10.053636525563038	1.0	-4.070779351595111	1.0	-6.754727713697758	1.0		0.0	-5.63914024838487	2.0	-6.997527116636193	2.0		0.0
samp_89	-6.071871394778189	4.916827689726988	0.33218651884715866	-5.171328926757551	2.0	-5.16933856713678	2.0		0.0		0.0	-5.624062263718351	4.0	-4.195781677840814	2.0		0.0	-3.7253075836558587	1.0	-6.445417791524257	1.0	-10.523265364128903	1.0	-8.034900541769847	1.0		0.0		0.0		0.0		0.0	-4.097802964619014	2.0		0.0	-10.11422855776202	2.0		0.0	-7.041738765807475	2.0	-5.195506178381968	1.0
samp_90	-5.56125706634286	5.2486324366393395	0.21093053179731278	-5.213162687118436	1.0	-5.207975126586951	1.0	-5.245408392505375	1.0	-6.682028253395319	1.0		0.0	-4.1998927800486605	2.0		0.0	-3.695854739689289	1.0	-6.564337947336659	1.0		0.0	-8.28660445763818	1.0		0.0		0.0	-4.124703715553681	1.0	-10.455769502436489	1.0	-4.099981159177963	2.0		0.0	-10.402747373477027	2.0	-5.747014455677774	2.0	-7.212798294620276	1.0	-5.245021082948374	3.0
samp_91	-5.842688610657312	5.196377022118025	0.0711572413171998		0.0	-5.130165173497023	1.0	-5.166434953564186	1.0	-6.555009921201891	2.0	-5.590613258425546	2.0		0.0		0.0	-3.6670492451529295	1.0	-6.440397898693694	1.0	-10.560947722346867	1.0		0.0	-6.842881688569633	1.0	-2.543751020746095	2.0		0.0	-10.192974944967856	1.0	-4.059361318261733	1.0	-6.8055634792680495	1.0	-10.175762713958342	2.0	-5.645934545614721	3.0	-7.05453099030724	1.0		0.0
samp_92	-6.036986541077252	5.085229402146155	0.1678055789118879		0.0	-5.140340603040208	2.0		0.0	-6.546104143959023	1.0	-5.597603144544818	1.0	-4.167474343835833	2.0		0.0	-3.685302641369267	1.0	-6.433331541920476	2.0	-10.530075278410786	2.0		0.0	-6.826284161985669	1.0	-2.5511154443031137	2.0		0.0	-10.119289555896325	1.0	-4.070193301467476	1.0		0.0	-10.124829282782812	1.0	-5.654526312750812	3.0		0.0	-5.173727254869337	1.0
samp_93	-5.123768432560266	5.624353166056714	0.050660231835102834	-5.242272762033381	1.0	-5.232612337651903	1.0		0.0	-6.826577733226436	1.0		0.0	-4.199461520202123	1.0	-3.230288334346242	1.0	-3.668930261076741	1.0	-6.6991995553974855	2.0		0.0	-8.55170917192607	1.0	-7.211196311682807	1.0	-2.546052276176817	2.0	-4.107261452128048	2.0	-10.734054110979962	3.0		0.0		0.0		0.0		0.0	-7.423933426806308	1.0	-5.284493256857445	3.0
samp_94	-5.96420084922055	4.834580837657107	0.3526192394174744	-5.160004779863711	1.0		0.0	-5.193033359135	2.0	-6.534625834813237	1.0		0.0	-4.1934870460564735	2.0		0.0		0.0	-6.424440813154824	1.0	-10.477087527633014	2.0	-8.012224000173374	1.0	-6.819228785371412	1.0		0.0	-4.14070003219848	2.0	-10.073535348714309	1.0	-4.096128033397398	1.0	-6.7789312245476685	1.0	-10.076592198904969	4.0		0.0	-7.020346455915322	1.0		0.0
samp_95	-6.59430305158457	4.971017978733202	0.14778308090572548		0.0		0.0	-5.1308175556582105	2.0	-6.46298183162922	1.0	-5.541279921217016	1.0		0.0	-3.2279708039144253	2.0	-3.6780426055403233	1.0	-6.353125334229885	1.0	-10.322632854181208	2.0		0.0	-6.721662767028907	2.0	-2.5484933907357217	1.0	-4.083367370931325	1.0		0.0	-4.049429464719299	1.0		0.0		0.0	-5.596563988672207	2.0	-6.92769115236835	3.0	-5.127212967712996	1.0
samp_96	-5.7978470557177095	5.45881229235062	0.007222422440026677	-5.167862986927885	1.0	-5.159121156876231	1.0	-5.19729638171953	2.0	-6.639903123457888	2.0	-5.632183215858065	1.0		0.0		0.0	-3.6559723224892324	2.0	-6.520349772651227	3.0	-10.748824596462546	1.0	-8.22946342511061	1.0		0.0		0.0	-4.082079632952528	2.0	-10.41343814997267	1.0	-4.068806181630742	1.0	-6.899605513218459	1.0		0.0	-5.683749779449355	1.0	-7.1591707599080605	1.0		0.0
samp_97	-5.276939489287523	5.317071297917691	0.14115476473804553	-5.2104290412911505	1.0	-5.204621296950762	2.0	-5.242576701198573	1.0		0.0	-5.689696950694797	3.0	-4.193361184783299	1.0		0.0	-3.6854117504893025	1.0	-6.585214053033975	1.0		0.0	-8.343109648586571	1.0		0.0		0.0		0.0	-10.498483043630381	4.0		0.0		0.0	-10.430226762880816	1.0		0.0	-7.257194919127584	4.0	-5.24376698063458	1.0
samp_98	-5.662080152873048	4.779294270025761	0.34506710969601756	-5.147554859805003	1.0	-5.1471342175384125	4.0	-5.180933225053172	1.0	-6.521585001633614	1.0		0.0	-4.187336643289617	2.0		0.0	-3.734334756659666	1.0		0.0	-10.444390376059058	1.0	-8.020358997313439	2.0	-6.818757399816501	3.0		0.0		0.0	-10.090566474952778	2.0		0.0	-6.769829437520789	1.0		0.0	-5.66120953630322	2.0		0.0		0.0
samp_99	-6.0166139387205995	5.1735127752217345	0.1190188611670948		0.0		0.0	-5.176882564396415	1.0		0.0	-5.600835959271177	2.0	-4.164223292589156	2.0	-3.2283591912085705	1.0	-3.6749937853740366	1.0	-6.446395051503556	2.0	-10.568607064772552	2.0	-8.066538483710334	2.0		0.0		0.0	-4.092570073611509	2.0	-10.168557818125235	1.0		0.0	-6.808106447442837	3.0	-10.167717661620037	1.0		0.0	-7.0532372220073976	1.0		0.0
