run	log_tbg	log_alphap	log_betap	b3C7_log_P	b3C7_weight	b7D8_log_P	b7D8_weight	b7D9_log_P	b7D9_weight	b7E1_log_P	b7E1_weight	b7E2_log_P	b7E2_weight	b7E3_log_P	b7E3_weight	b7E4_log_P	b7E4_weight	b7E5_log_P	b7E5_weight	b7E6_log_P	b7E6_weight	b7E7_log_P	b7E7_weight	b7E8_log_P	b7E8_weight	b7E9_log_P	b7E9_weight	b7F1_log_P	b7F1_weight	b7F2_log_P	b7F2_weight	b7F3_log_P	b7F3_weight	b7F6_log_P	b7F6_weight	b7F7_log_P	b7F7_weight	b7F8_log_P	b7F8_weight	b7G1_log_P	b7G1_weight	b7G2_log_P	b7G2_weight	b7G3_log_P	b7G3_weight
fit	-7.112365147858142	3.055817325400168	0.1961246644668938	-4.341218862217659	1.0	-2.9627558078492706	1.0	-5.466278469267054	1.0	-8.478718757731059	1.0	-4.724002652701895	1.0	-5.833257951572365	1.0	-9.700910731118316	1.0	-2.103621994223894	1.0	-10.592211125420048	1.0	-4.488546988563606	1.0	-8.866671874328441	1.0	-10.347311979725095	1.0	-4.392925360110483	1.0	-3.2832257242773095	1.0	-11.270602699825098	1.0	-8.394629891340283	1.0	-5.996055273678848	1.0	-2.429214250025117	1.0	-5.255150305584272	1.0	-7.2603348996005	1.0	-9.258262895875061	1.0
samp_00	-7.053062486770061	2.874309078527487	0.3164566092903984		0.0	-2.9693107636579485	1.0	-5.44222118237981	3.0	-8.449773847075729	2.0		0.0	-5.80795954158548	1.0	-9.66789521486984	2.0		0.0	-10.55388382371975	1.0	-4.473509082777274	4.0		0.0	-10.312869787429376	1.0		0.0	-3.2878628890567283	1.0		0.0		0.0	-5.968804229757774	1.0	-2.454961357435569	2.0		0.0	-7.230838891794546	1.0	-9.228159075518704	1.0
samp_01	-6.947220910657753	2.9582855013464258	0.3183283192811639	-4.361208676732954	2.0	-2.9910709802265596	2.0		0.0	-8.52479428191633	2.0	-4.743654842162004	4.0	-5.850815178298744	1.0		0.0	-2.1451884175054126	1.0	-10.635296397737223	1.0	-4.509846794795845	1.0	-8.918809309265717	1.0	-10.43374437362276	1.0		0.0		0.0		0.0	-8.432201180248539	1.0		0.0		0.0	-5.272311664322663	2.0	-7.280256207002476	2.0		0.0
samp_02	-7.273580472104526	3.0356207886399624	0.16836493430490324	-4.319320858318988	1.0		0.0		0.0		0.0	-4.701113249027656	1.0		0.0		0.0	-2.0935650403004353	1.0	-10.531247274293033	2.0	-4.466191741161869	1.0	-8.805676507873319	3.0	-10.240844398470852	1.0	-4.370884660970148	2.0	-3.265395547170531	1.0		0.0	-8.347694559549119	1.0	-5.970831812578075	1.0	-2.4167047928209135	2.0	-5.23126292067712	1.0	-7.230156465817147	1.0	-9.183186921912771	2.0
samp_03	-6.725149391426279	3.229158641261816	0.03770640885962052		0.0		0.0		0.0	-8.563951862990017	1.0	-4.719784502813626	1.0		0.0		0.0	-2.0581630174422587	2.0	-10.658909539233482	1.0	-4.4806977575278975	3.0	-8.9640961208526	1.0		0.0		0.0	-3.2586501216138797	3.0		0.0	-8.45928121114199	1.0		0.0	-2.3920322403544887	1.0	-5.257279466807253	2.0	-7.282709855745041	2.0	-9.383790283918684	3.0
samp_04	-6.187820117774574	3.5709753142173173	-0.09270043555803402		0.0		0.0		0.0	-8.888998441626304	1.0		0.0	-5.947560935450465	1.0	-10.11129493222768	2.0	-2.0318925483186083	1.0		0.0	-4.547666178565012	2.0	-9.295602845511787	3.0	-10.887290994663394	1.0		0.0	-3.2800987573155314	1.0		0.0	-8.725086910338998	1.0	-6.114843767284952	3.0	-2.38200533318231	1.0	-5.350356567259725	1.0	-7.436289312109376	1.0	-9.751142613989384	2.0
samp_05	-7.187785637333437	3.2954185585045126	0.09477694803442094		0.0	-2.9737948315018428	1.0	-5.525213356114607	1.0	-8.554269652905294	1.0	-4.773341373571612	1.0	-5.894566116114635	2.0	-9.790102131093173	1.0	-2.0754236111543234	1.0		0.0	-4.532734309707799	3.0		0.0		0.0	-4.438887575719705	2.0	-3.2972289278235833	1.0	-11.375277591926926	2.0		0.0		0.0	-2.4158247687328256	1.0	-5.312862547668747	4.0		0.0		0.0
samp_06	-7.61639844552617	3.298264225554229	0.019336506463297844	-4.35083116504702	3.0		0.0	-5.486089068077448	2.0		0.0	-4.736022626818756	1.0	-5.853647728437478	2.0	-9.635772688532906	2.0	-2.054101052709408	2.0	-10.562004380996665	2.0		0.0		0.0		0.0	-4.40306283532434	1.0	-3.266110909346073	1.0	-11.168071468145166	1.0	-8.381318570432567	1.0		0.0	-2.3919399520048352	2.0		0.0		0.0	-9.188546861356835	1.0
samp_07	-7.071114300655645	3.3330382474783633	0.011615822180350538	-4.361375020886467	1.0		0.0	-5.501150119171934	1.0		0.0		0.0	-5.871018816596255	1.0	-9.783611997478289	1.0	-2.052914459637541	2.0	-10.670592435559081	1.0		0.0	-8.938650309305547	1.0		0.0	-4.413778351362742	2.0	-3.271220670169664	2.0	-11.368865229433377	1.0		0.0	-6.037254040120849	1.0	-2.39285210740069	1.0	-5.288726800709146	1.0	-7.3092135903514714	2.0	-9.340384186364453	3.0
samp_08	-7.347494783752687	3.123752734886726	0.0661854369346185	-4.305562422177924	1.0		0.0		0.0	-8.405822439275369	1.0	-4.687677082200608	2.0	-5.797239661033146	1.0	-9.600898966205605	2.0	-2.0631258069752825	2.0	-10.509215837471427	2.0	-4.451201005646537	2.0	-8.78454970486306	1.0	-10.20007401335787	2.0	-4.357235020563616	1.0	-3.243886560989961	1.0	-11.1389533417078	1.0	-8.331807112322412	1.0		0.0		0.0		0.0	-7.2201850402013195	1.0		0.0
samp_09	-7.009257476404331	3.439897790593355	0.02864987693192385	-4.409430155370933	3.0	-2.9764915566333126	2.0	-5.558775520529758	1.0		0.0		0.0	-5.930844443120007	1.0		0.0	-2.058649534825614	1.0		0.0		0.0	-9.042215279395185	1.0	-10.596180774124724	1.0		0.0	-3.3006081723729324	1.0	-11.503091790643115	2.0		0.0		0.0	-2.4059175118706153	5.0	-5.345135333569689	1.0	-7.3777559972753	2.0		0.0
samp_10	-7.889431707125075	1.8293477888233736	1.3626283944063076	-4.375146407899666	1.0	-3.136198147415564	1.0	-5.460879481536973	2.0	-8.356970597346425	1.0	-4.7466536922317575	1.0	-5.820281768950016	1.0	-9.503056770499775	2.0		0.0	-10.423542672540147	3.0		0.0	-8.721329153379456	1.0	-10.016317632066004	1.0	-4.424713413361095	1.0	-3.4328644938528012	1.0		0.0	-8.295146626808132	1.0	-5.975089186188609	4.0		0.0		0.0		0.0		0.0
samp_11	-6.573591738547922	2.7418411811250305	0.4975672347455173		0.0	-3.0156693142249327	1.0	-5.475246338329278	1.0		0.0	-4.739968593507655	2.0	-5.84301957880235	4.0		0.0		0.0		0.0	-4.509525487999613	2.0	-8.98357402038923	3.0		0.0	-4.410491873134897	2.0		0.0	-11.441680008039647	1.0		0.0		0.0	-2.515050563408284	1.0	-5.26369783486723	2.0		0.0	-9.409895525281899	2.0
samp_12	-7.083904137521638	-10.895911105201023	14.091363946845773	-4.410301612890446	1.0		0.0		0.0	-8.451110011662337	1.0		0.0	-5.837655375675017	1.0	-9.665179149718613	1.0		0.0	-10.553249259735749	1.0		0.0		0.0	-10.306177107490328	4.0	-4.458581942710707	3.0	-3.5399252575614493	1.0	-11.22821586318913	3.0		0.0		0.0		0.0	-5.271159459606127	2.0	-7.238171371284678	2.0	-9.225278153658532	1.0
samp_13	-7.385660421135236	3.0405128526656426	0.1276335986240802	-4.301503991333288	1.0		0.0		0.0		0.0	-4.682731603055674	1.0	-5.7885994609888325	2.0	-9.577249211979312	1.0	-2.0799649459867617	1.0	-10.486943476432444	2.0	-4.447843673099434	1.0		0.0	-10.166597431299635	1.0	-4.353001653589341	1.0		0.0		0.0	-8.315851113939738	2.0		0.0	-2.4023243532967395	2.0	-5.212768666405033	2.0	-7.208413203082351	1.0	-9.133713832143254	3.0
samp_14	-7.007431734347644	3.422139279938978	0.024609207418768424	-4.400984622658803	2.0		0.0		0.0		0.0	-4.790268164603735	2.0	-5.920454361241961	1.0	-9.883179705963169	1.0	-2.057503555532684	1.0	-10.761094441864925	1.0	-4.546466531071655	2.0		0.0		0.0	-4.453827225087541	1.0	-3.2954408003637554	1.0		0.0	-8.530548595420733	1.0	-6.087518699864609	1.0	-2.4035395891336417	1.0	-5.335263213584867	3.0	-7.366152457262597	1.0	-9.441712415609414	2.0
samp_15	-7.644653643958451	1.7748484220689253	1.2671016782351148		0.0	-3.0653383089680633	2.0		0.0		0.0	-4.67264392053568	2.0	-5.746082085025639	2.0	-9.443661405191678	2.0		0.0	-10.354947266445336	2.0		0.0	-8.657737924990649	2.0	-9.973380316505867	1.0		0.0	-3.3609709810369695	2.0	-10.907407319299278	1.0	-8.226885395011008	1.0	-5.900699164972571	1.0		0.0		0.0	-7.142530175665716	2.0	-9.006593701547787	1.0
samp_16	-7.1584928131265615	3.1634658039347126	-0.040441336276863055	-4.2709979970703795	1.0		0.0	-5.396714736755503	1.0	-8.389687654472983	2.0		0.0	-5.763441091011053	2.0	-9.592562931436927	1.0	-2.0324502581218793	3.0	-10.487121357341533	1.0		0.0	-8.771689343689326	3.0	-10.210821231362132	1.0	-4.322585523434936	1.0		0.0	-11.138532053649161	1.0	-8.310897295401242	1.0	-5.928282063378532	2.0		0.0	-5.186083636167765	1.0		0.0		0.0
samp_17	-7.362695553658017	-11.396284208110538	14.365126907082272	-4.294580397942425	2.0	-3.155973537991426	3.0		0.0	-8.276461010743208	2.0	-4.659696700104716	1.0		0.0	-9.442985102460447	2.0		0.0	-10.344358638848066	1.0	-4.447302800515644	1.0	-8.646912357559497	1.0	-10.005110840275217	1.0	-4.342890036223975	1.0		0.0	-10.935290703256706	2.0		0.0		0.0		0.0	-5.155252948031469	2.0		0.0	-9.005955006937484	2.0
samp_18	-6.651945703621618	3.069054754418513	0.10845169196486373		0.0	-2.930953822494068	1.0	-5.431823987841797	1.0	-8.518011403275029	2.0		0.0	-5.800617037800557	3.0		0.0	-2.0751375123169535	2.0		0.0	-4.452186990894564	3.0	-8.915659363274004	2.0	-10.446680374032164	1.0	-4.357138089942668	2.0		0.0	-11.356890158140352	1.0	-8.412760469881066	1.0		0.0	-2.3992732489900854	1.0	-5.220076473340974	1.0		0.0		0.0
samp_19	-7.782849290779313	2.8916150551611968	0.28009506072826	-4.313517998773111	1.0	-2.9576177803872983	3.0	-5.4286044193561285	1.0		0.0		0.0	-5.792313446619063	1.0		0.0	-2.1286176419969873	1.0	-10.426113721754227	2.0	-4.461191022453135	1.0	-8.718526924864166	2.0		0.0		0.0	-3.275523833835652	1.0	-10.976028257922708	1.0	-8.288382130363296	1.0		0.0	-2.442115001606652	2.0	-5.218969966814003	1.0	-7.203290730114135	2.0	-9.06661439386772	1.0
samp_20	-6.035991646875456	3.7049610477699284	-0.08836687017138344	-4.452761376508769	1.0	-2.981375818619305	3.0	-5.634027760100124	1.0	-9.070581770153947	1.0	-4.851173255500032	2.0		0.0	-10.26456451047564	1.0	-2.0342371612662378	3.0		0.0	-4.597897410641746	1.0		0.0		0.0		0.0		0.0		0.0	-8.877906045754736	1.0	-6.188265116875242	1.0	-2.39120680779886	1.0	-5.4141183100882415	2.0	-7.534628003575765	2.0	-9.929406354709032	1.0
samp_21	-6.7399389940339685	3.1335259057436224	0.08189580111129957		0.0	-2.935240663518574	1.0		0.0	-8.524876553499045	2.0		0.0	-5.816649649193352	1.0	-9.76171601774671	2.0	-2.068751557598411	2.0		0.0	-4.464640042427338	2.0	-8.922246814080808	2.0		0.0	-4.37013861851756	1.0	-3.2538246886148454	1.0	-11.358954081727246	1.0		0.0	-5.979906958344373	1.0	-2.3970604511988647	2.0	-5.235746265852718	2.0		0.0	-9.336820471192624	1.0
samp_22	-7.011468625356779	3.270965520931004	0.10351116732421553	-4.381706880767988	2.0	-2.9724498427121975	4.0		0.0	-8.57676148884134	1.0	-4.768356832722865	1.0	-5.8896021284093045	1.0	-9.82301174044381	1.0	-2.0778213718447645	2.0	-10.702890138140559	1.0	-4.528223338790704	2.0	-8.973553391263003	1.0	-10.503331367679836	1.0		0.0		0.0		0.0		0.0	-6.0546358286393565	1.0	-2.4168666220641715	2.0	-5.307248185100952	1.0		0.0		0.0
samp_23	-7.4083402117755295	2.961106196230455	0.03535410138515383		0.0	-2.8744091792881084	1.0	-5.339734242090496	2.0	-8.284220944635736	1.0		0.0		0.0	-9.452680332140602	1.0	-2.0447347527459114	4.0	-10.35732088908118	1.0		0.0	-8.655640382671109	3.0		0.0	-4.275985502973761	1.0		0.0	-10.944621230384495	1.0	-8.215424408147909	1.0	-5.866819472909336	1.0	-2.3584028383317133	1.0		0.0	-7.118896360078923	1.0	-9.014211890288465	2.0
samp_24	-7.660164669497278	3.3448599553894094	0.09206061410759075	-4.403004632358456	1.0	-2.981854008885903	3.0	-5.5436221173929034	1.0		0.0		0.0		0.0		0.0	-2.074724497231929	1.0	-10.645918101531896	2.0	-4.5490178215363954	1.0		0.0		0.0	-4.455601371392562	1.0	-3.3063970556590103	1.0	-11.265982087682566	1.0	-8.446148388046918	1.0		0.0	-2.4183332696056077	3.0	-5.331557553758202	3.0	-7.340069750122027	1.0	-9.260344256764185	1.0
samp_25	-6.289461393300445	3.0053955398946264	0.4334266866901714	-4.439916532079947	1.0		0.0		0.0		0.0	-4.826236509460308	1.0	-5.9465117161711785	1.0	-10.055318778628548	2.0		0.0		0.0	-4.590747003583654	1.0	-9.230329766906916	2.0	-10.816405866267845	1.0	-4.491974534158068	2.0	-3.3800513790284756	2.0		0.0	-8.67142426795101	2.0	-6.105912435720754	1.0		0.0	-5.358741576469234	2.0	-7.409225327423509	1.0	-9.681970556920145	2.0
samp_26	-6.146354382180394	3.1673064840071112	0.2980912003931798	-4.439555352105574	2.0	-3.030143572564008	1.0	-5.582987759287368	1.0		0.0	-4.82872431250673	2.0	-5.959615693516107	2.0	-10.109389556247795	1.0		0.0		0.0	-4.589678424113746	1.0	-9.298193394129301	2.0		0.0		0.0	-3.3586505427648365	3.0		0.0	-8.727117618339726	1.0	-6.12026132711986	2.0		0.0	-5.367285893454173	1.0	-7.436243344265161	1.0	-9.753045354537868	1.0
samp_27	-7.075136468329929	3.2453596229476225	0.09822442265450769		0.0	-2.9652341602220598	2.0		0.0		0.0		0.0		0.0	-9.781848950679574	3.0	-2.0759518286883356	1.0	-10.669155437339578	1.0	-4.5154973824312	1.0	-8.937309720970585	3.0	-10.448793551719156	1.0		0.0		0.0	-11.366657801665763	1.0		0.0	-6.0388407043755015	2.0	-2.4129787199504675	1.0		0.0	-7.30925772103789	5.0		0.0
samp_28	-7.422495439268566	2.7812979384898746	0.14075048297270967		0.0		0.0		0.0	-8.240108843159149	3.0	-4.576698036406128	1.0	-5.670878149767417	2.0		0.0	-2.0692147774279466	3.0	-10.30215135444635	1.0		0.0	-8.609158976354433	3.0	-9.94654792342857	1.0	-4.250842781347807	2.0	-3.17942298029548	1.0	-10.874652770615493	2.0		0.0		0.0	-2.370367834028128	1.0	-5.099156477481996	1.0		0.0		0.0
samp_29	-6.050367179169314	3.500138877403554	0.005686830210989465	-4.425199556503108	1.0	-2.9804513879504935	2.0	-5.589111540556857	1.0		0.0	-4.819088341005444	3.0	-5.970660507147769	1.0		0.0	-2.0542407151950433	1.0		0.0	-4.571963059946997	1.0	-9.363460693426555	2.0	-10.96066872426679	1.0		0.0	-3.30543407538012	1.0		0.0		0.0	-6.135757913225705	1.0	-2.404360657991513	3.0		0.0		0.0	-9.82039541772767	3.0
samp_30	-7.269007246184907	-10.102271952814165	13.28231172275455		0.0		0.0	-5.469717314148122	2.0	-8.414294570469968	2.0	-4.7669868951816765	3.0		0.0	-9.61178723693674	1.0		0.0	-10.514077499769787	1.0	-4.5546850254228515	1.0		0.0	-10.221720738050838	1.0	-4.450377576900683	2.0	-3.531802321671185	1.0	-11.155403210176617	2.0		0.0	-5.97852319257055	2.0		0.0	-5.262531664272711	1.0	-7.224537954336413	1.0	-9.169156676868843	1.0
samp_31	-7.121345596276596	3.0948749654113765	0.3599987446888817	-4.436755256617195	2.0	-3.0394225138929403	1.0	-5.567536012477269	3.0		0.0	-4.822507858397467	3.0	-5.935915911307903	1.0	-9.859685624619768	2.0		0.0		0.0		0.0		0.0		0.0	-4.488884679290288	2.0	-3.3670786661675858	3.0	-11.456304234833045	1.0		0.0	-6.098393200765825	1.0		0.0		0.0	-7.368566103912812	2.0		0.0
samp_32	-7.353209843858595	3.359262954963604	0.017611418076312703	-4.373490887489255	1.0	-2.957523782825031	2.0	-5.514204467097599	1.0		0.0		0.0	-5.883415785751807	1.0	-9.738298631664394	1.0	-2.0548316281391883	3.0	-10.652132973413421	2.0		0.0	-8.904470355537887	1.0	-10.368905282324496	1.0	-4.425988379363031	1.0	-3.279076368505915	2.0	-11.31097455973956	1.0		0.0	-6.050297746629923	1.0		0.0	-5.301999410422318	1.0	-7.316590260903954	1.0	-9.288016973462362	1.0
samp_33	-6.879848882577653	3.2894626710630743	0.0033412103973837247	-4.341369807939746	1.0		0.0	-5.478620709470226	1.0		0.0	-4.726874709147695	1.0	-5.848651843524413	2.0	-9.790095218460689	3.0	-2.0498235972373413	2.0		0.0	-4.48654167572762	3.0	-8.945173195097219	1.0		0.0	-4.393592014084544	1.0	-3.2582568016686424	1.0	-11.38169555893901	1.0	-8.451308437656753	2.0		0.0		0.0	-5.2662311737243925	1.0		0.0	-9.356579604145228	1.0
samp_34	-7.030036373697786	3.2753302649881055	0.09279083071891427		0.0	-2.9692510424197702	1.0	-5.516192159486776	3.0	-8.568801554832067	1.0		0.0		0.0	-9.813061859187393	4.0	-2.0747450195624992	1.0	-10.695134715900723	1.0		0.0		0.0	-10.490004577586939	1.0	-4.4305559932866565	1.0		0.0	-11.403353006498577	1.0	-8.477320337640863	1.0	-6.051086866238133	3.0		0.0	-5.303724534951187	1.0	-7.323979006047731	1.0	-9.37130230841689	1.0
samp_35	-7.244844218197896	3.0671379564110377	0.21276486284207033	-4.3535346752159985	1.0	-2.9720346058086133	1.0	-5.47912193746841	1.0		0.0	-4.736649410781818	2.0	-5.845828569398835	2.0	-9.69084956033207	1.0	-2.1093524353950746	1.0	-10.593862530825364	1.0	-4.501010968529715	1.0		0.0	-10.321850751962064	1.0		0.0	-3.293432101726806	1.0	-11.254746448022875	2.0	-8.39608417974523	2.0		0.0		0.0	-5.2680628568289665	3.0		0.0	-9.244881445566989	1.0
samp_36	-6.827533998931777	3.1139618280447126	0.1153492869091757	-4.326329107761033	1.0	-2.943863382458159	1.0	-5.4546907772996605	1.0		0.0	-4.709641165852782	2.0	-5.8232002351606775	1.0	-9.751868118760267	1.0	-2.0786801761518654	2.0		0.0		0.0	-8.911692467237096	2.0	-10.432835798966382	2.0	-4.3781296267862375	1.0	-3.2631578646307977	2.0	-11.341495282529444	2.0		0.0		0.0	-2.4065191834621427	1.0		0.0		0.0	-9.32150402744011	2.0
samp_37	-7.093066005738368	3.136156307443758	0.021685756791840736	-4.289740241222411	2.0		0.0	-5.4157325935201195	2.0	-8.421363977784415	3.0	-4.671673048850034	1.0		0.0	-9.633272353499807	1.0	-2.049960258831632	3.0	-10.52292969170484	1.0	-4.434955350101977	1.0	-8.80643951448608	1.0	-10.267158310320394	1.0		0.0	-3.228367794165289	1.0	-11.19088694653693	1.0		0.0	-5.946957328678986	1.0		0.0	-5.2048642722650476	1.0		0.0	-9.192861763388668	1.0
samp_38	-7.553499183267585	2.3715223683298396	0.7242090393658626	-4.306457732151994	1.0	-3.010887171809148	1.0	-5.404810799492932	1.0	-8.32960540662543	1.0		0.0	-5.766318529564002	1.0		0.0		0.0	-10.407536173950163	2.0	-4.456740745803244	1.0	-8.699499116041576	2.0	-10.04596898192071	1.0	-4.356766200400673	1.0	-3.3204048194974227	2.0	-10.985710129644207	1.0	-8.262456230133612	1.0	-5.923774518697919	1.0	-2.5568510725335476	1.0	-5.196110529187982	1.0	-7.170424483638437	1.0	-9.055020883973143	1.0
samp_39	-7.337738126920024	2.741640932194193	0.33576527264496053	-4.277866928451451	2.0		0.0	-5.387514044300046	2.0	-8.34052366222861	2.0		0.0	-5.751067876819847	1.0		0.0	-2.143443276189456	1.0	-10.426840799667795	1.0		0.0	-8.715624906469937	1.0	-10.105145313640962	1.0	-4.32875842186857	1.0	-3.25672905777751	2.0	-11.039917229148362	3.0	-8.26827542608024	1.0		0.0	-2.444138790350083	1.0	-5.178036365851174	1.0		0.0	-9.081868693449008	1.0
samp_40	-7.597850488852494	2.555406945183228	0.5436577831521185	-4.298795962579943	2.0	-2.982552052458397	1.0		0.0	-8.326960665248606	1.0		0.0	-5.764407954165564	1.0	-9.489233881450168	1.0		0.0	-10.403054476409775	2.0	-4.448241482506498	2.0		0.0	-10.033880236202691	1.0		0.0	-3.2955176211254735	3.0		0.0	-8.26081870341738	1.0	-5.923240527302245	1.0	-2.5057849312649374	2.0	-5.193300643981403	1.0		0.0	-9.04961979483795	2.0
samp_41	-7.461084314767319	2.9369858848095616	0.07780900122543945		0.0		0.0	-5.349523798381342	1.0	-8.289811620228392	1.0	-4.613601135286105	2.0	-5.713459251065996	1.0	-9.45583534902943	1.0	-2.0576878005677712	2.0	-10.362761009997334	1.0		0.0	-8.660423565355813	4.0		0.0	-4.286233222484339	1.0		0.0	-10.943703371357767	2.0		0.0		0.0	-2.3704335941673484	2.0		0.0	-7.1275347353492755	2.0	-9.017161317705716	1.0
samp_42	-7.4476702268230035	2.80334022720256	0.3541603747508609		0.0	-2.9669284978236736	2.0		0.0	-8.375678469758316	2.0	-4.6922188162589356	2.0	-5.789436501929651	2.0	-9.55735950738889	2.0	-2.1540782223959103	1.0	-10.46937622875893	1.0	-4.461344539363412	1.0	-8.750252882815325	1.0		0.0		0.0	-3.2840780180897324	1.0	-11.07668735718895	1.0	-8.30502256607128	1.0	-5.950161888520702	2.0		0.0	-5.215794657283901	1.0	-7.202858983234315	1.0		0.0
samp_43	-6.986431834997731	3.514389511278963	-0.07407270637139948	-4.388025022049293	2.0	-2.9540942013058484	1.0		0.0		0.0	-4.777831694252075	1.0	-5.913054240766167	1.0	-9.8833184969921	2.0	-2.034515988159651	3.0		0.0	-4.531855614855684	1.0		0.0	-10.577055031485497	1.0	-4.441000637122546	1.0		0.0	-11.483739756611964	2.0	-8.529240054725806	2.0	-6.081773358259216	1.0	-2.382158091228913	1.0		0.0	-7.362626706037536	2.0		0.0
samp_44	-7.23607768769018	2.8926626065640333	0.2548640246418316		0.0	-2.947416075014191	2.0		0.0		0.0	-4.682492157729097	1.0	-5.783664223013834	4.0	-9.59407993991816	2.0	-2.1193569343667304	1.0	-10.494223172762185	1.0	-4.45011628506272	1.0	-8.775477789667411	2.0	-10.204137596946579	2.0	-4.353682956240733	1.0		0.0	-11.13604182457929	2.0		0.0		0.0	-2.4324425907391167	1.0		0.0	-7.202324410400224	1.0		0.0
samp_45	-7.408354282860882	2.1117725930553943	0.706898378162683	-4.1794613173533435	1.0	-2.9122932727094524	1.0	-5.270377569714922	1.0	-8.183328566645002	2.0		0.0		0.0		0.0	-2.2438016953698954	1.0	-10.231812277129336	1.0	-4.329477980097986	1.0	-8.549793030689598	2.0	-9.86879941808812	1.0	-4.229297446704625	1.0		0.0	-10.790103419367432	2.0	-8.116955755077727	2.0		0.0		0.0		0.0	-7.030264838407783	1.0	-8.900412361894173	4.0
samp_46	-6.646339151052484	3.3939947117039306	0.0026824368337630762	-4.381342863500331	1.0	-2.9594241909679506	1.0	-5.528494336477681	3.0	-8.677593812344933	1.0	-4.770065795369447	1.0		0.0	-9.934781825818554	1.0	-2.0518475117877997	2.0		0.0	-4.5268372685837726	1.0		0.0	-10.657318735307491	1.0	-4.434059339610509	1.0	-3.281375185768757	1.0	-11.5553867254669	1.0	-8.560956976100194	2.0	-6.067852143404355	2.0	-2.395366960094832	1.0		0.0		0.0	-9.520929168966195	1.0
samp_47	-7.447630271639265	2.433853491083193	0.7121852358398202	-4.328580864945881	2.0	-3.0252410531906726	3.0		0.0	-8.369852211311214	1.0	-4.704678764326267	1.0	-5.7914566805235586	3.0	-9.549556689925842	1.0		0.0	-10.460972583468287	1.0	-4.478932641784021	1.0	-8.74376571931082	1.0		0.0		0.0		0.0	-11.0663179193944	1.0	-8.299255907188721	1.0	-5.9491217622144505	1.0	-2.5637084020735266	1.0	-5.220287218828038	1.0	-7.198550527248075	1.0	-9.10729823429748	1.0
samp_48	-6.956965855567146	3.52124061438136	-0.0632690097370352	-4.395629612844034	2.0		0.0		0.0		0.0		0.0	-5.922254318023954	1.0		0.0	-2.0371439224839243	2.0		0.0	-4.539686286134091	2.0		0.0		0.0	-4.448682211624972	2.0		0.0	-11.50923599756808	2.0	-8.545533954883409	1.0	-6.0909401909940915	1.0	-2.3855675880644336	2.0	-5.33517876351688	2.0	-7.373528174199798	2.0	-9.467352105892557	2.0
samp_49	-6.18421050847952	3.4466919454012306	0.006226509043149311		0.0	-2.9710877475878763	1.0	-5.56177185173296	2.0	-8.8687979240655	3.0	-4.796592315731674	1.0		0.0	-10.090195987156184	2.0	-2.0538591115210227	1.0		0.0		0.0		0.0	-10.864656480102397	1.0	-4.458022946150211	1.0		0.0		0.0		0.0		0.0	-2.400832868629073	2.0	-5.345355590415921	4.0	-7.422869488326387	1.0	-9.728850800834156	2.0
samp_50	-6.829656386979427	2.6542312631496223	0.47063619471119916	-4.307341383097569	1.0	-2.9784592155383574	2.0		0.0	-8.44652947393653	3.0		0.0		0.0		0.0		0.0		0.0		0.0	-8.837241200858621	1.0	-10.334254880721597	1.0		0.0	-3.293520190036169	1.0	-11.247403826656445	2.0	-8.353270538017558	1.0	-5.940703366502587	3.0	-2.4896615921596337	2.0	-5.2066687201586435	1.0	-7.204619474465091	1.0	-9.238693210003138	2.0
samp_51	-6.8585801708126555	3.0056703888328546	0.38198556414615	-4.412140994921719	1.0	-3.0296002454113906	2.0	-5.539144104484369	1.0		0.0		0.0		0.0	-9.873714658619758	3.0		0.0	-10.7353180364782	1.0		0.0	-9.021530428934721	3.0		0.0	-4.4640086104564265	2.0		0.0		0.0	-8.517740107321602	1.0	-6.0690282469786	3.0	-2.4957305908858918	1.0	-5.327024811767704	1.0	-7.3442041427889215	1.0	-9.44215528131409	1.0
samp_52	-7.211591372017505	2.9850693481120243	0.2416091076043935	-4.334259859749718	3.0		0.0	-5.455551494216927	1.0		0.0		0.0	-5.821560438391268	1.0		0.0		0.0	-10.557999412957027	1.0		0.0	-8.831342235231824	1.0		0.0		0.0	-3.28459743966912	2.0	-11.216146312807867	1.0	-8.367993457711458	1.0		0.0	-2.4385479451400056	3.0		0.0	-7.24425563394981	4.0	-9.214341458065736	3.0
samp_53	-6.823604874350308	3.602650370136885	-0.09966937781285765	-4.407788685080527	2.0	-2.9606552939546966	1.0	-5.568335204824582	1.0		0.0	-4.7999198584084	2.0		0.0	-9.979721881929672	2.0	-2.030136210137744	4.0		0.0		0.0	-9.117963939106192	1.0		0.0	-4.461140149214292	3.0		0.0	-11.592750929419267	1.0	-8.5989469386693	2.0		0.0	-2.3815159184634607	1.0	-5.353388007119605	1.0		0.0		0.0
samp_54	-7.344260977972541	2.7289174815346318	0.13509492889851865		0.0		0.0	-5.280721934512866	1.0		0.0		0.0	-5.643250443514772	1.0	-9.374105328316642	2.0	-2.062416573287111	2.0	-10.272184496811883	1.0		0.0	-8.583275389284424	5.0	-9.924429555080428	3.0		0.0	-3.160420159000563	1.0	-10.849492412858574	2.0	-8.14563421558747	1.0		0.0	-2.359042033994641	1.0	-5.072043738249107	1.0		0.0		0.0
samp_55	-7.337997068518642	3.109451193733022	0.09211738265819176	-4.312266399968397	1.0	-2.9332542346087975	1.0		0.0	-8.414168739133377	3.0	-4.694487757596367	1.0		0.0		0.0	-2.0708231160894135	2.0	-10.519494610004298	1.0		0.0		0.0		0.0		0.0	-3.2513737935032974	1.0	-11.152681490648648	1.0	-8.339607604593061	1.0	-5.967708884535557	2.0	-2.3975664864159816	2.0	-5.226761010495244	2.0	-7.226638306435818	2.0	-9.166885092483103	1.0
samp_56	-6.886615622629856	3.2123425309684404	0.010814582551154472		0.0		0.0	-5.446897246874565	2.0	-8.499591927691615	2.0	-4.698812493422715	1.0	-5.815759201187807	2.0	-9.732552899198069	2.0	-2.049692593368606	2.0	-10.602326374498327	1.0	-4.460310678171685	1.0		0.0	-10.405305797666335	1.0	-4.366999276656663	1.0	-3.243100909058266	1.0		0.0		0.0	-5.980417344335727	1.0	-2.381414955201707	1.0	-5.235121605203632	1.0		0.0	-9.298839196054304	2.0
samp_57	-7.011060989382824	3.17077090370844	0.29085949314128984	-4.433416998269568	1.0	-3.02637822254074	4.0		0.0		0.0	-4.820334542216695	1.0		0.0		0.0		0.0	-10.772624399544632	1.0	-4.582171971530962	3.0	-9.037491003513534	1.0	-10.588871747998683	3.0	-4.485752473827184	1.0		0.0	-11.496154287345043	2.0		0.0	-6.101480496595969	2.0	-2.473882874703374	1.0	-5.3560329881617745	1.0		0.0		0.0
samp_58	-7.61193326110602	2.664436808725511	0.3719703797955507		0.0	-2.9360243466527685	2.0	-5.367943365575216	1.0	-8.289394251500735	3.0	-4.638983571106147	1.0		0.0	-9.44484200586507	1.0	-2.153318747656472	1.0	-10.355789395281148	2.0	-4.410285585466474	1.0	-8.656828191358446	1.0	-9.978716229607517	1.0		0.0	-3.2491163621142225	1.0	-10.91322513029745	2.0		0.0	-5.890268678526403	1.0	-2.4471137844055457	1.0		0.0	-7.13746934523895	2.0		0.0
samp_59	-6.366342094052438	3.466135959182855	0.03209057022540186		0.0	-2.9831729650110446	2.0	-5.58068412981195	1.0	-8.84403462735377	1.0	-4.815541259180168	2.0	-5.958046356007349	1.0	-10.089275433052926	2.0	-2.060170470239092	1.0		0.0	-4.569819467219156	2.0		0.0		0.0		0.0	-3.3084277438647622	1.0		0.0		0.0	-6.1239718204189995	1.0	-2.409240871665305	1.0	-5.364676250460516	4.0	-7.433835015655941	1.0	-9.71055253745003	1.0
samp_60	-6.68471027976262	2.9268526950325997	0.3816951783379756	-4.380046503168743	3.0	-3.0112002228199155	1.0	-5.503425820866053	2.0		0.0		0.0	-5.872059316723692	4.0		0.0		0.0		0.0		0.0	-9.007102392872579	2.0	-10.559511024849646	1.0		0.0	-3.3336201950854805	2.0	-11.462093014394714	1.0		0.0	-6.032329416556135	1.0	-2.4880330691868875	1.0		0.0	-7.309844078612105	2.0	-9.43253368250039	1.0
samp_61	-6.855997028208116	2.915051394809855	0.24827643498509513		0.0	-2.9506577540586494	1.0		0.0		0.0	-4.690252504333794	3.0		0.0	-9.692754226840457	1.0	-2.1180452849983826	1.0	-10.56080194719446	1.0	-4.4572840247346495	2.0		0.0	-10.360427535601529	2.0	-4.36070008119946	1.0	-3.268522652691049	1.0		0.0	-8.373291819347836	5.0		0.0	-2.433005704748983	1.0		0.0		0.0	-9.261013971322775	2.0
samp_62	-7.403978809447334	3.1896357365261405	0.0022267912452287094		0.0		0.0	-5.42888661033881	1.0	-8.399769314352099	1.0	-4.683529152501046	2.0	-5.795461241225017	3.0		0.0	-2.0460858702834295	2.0	-10.50183600934943	1.0	-4.445821481226034	3.0		0.0		0.0		0.0		0.0	-11.122356013600562	2.0		0.0		0.0	-2.3758770819049837	2.0	-5.218166733828296	2.0		0.0	-9.145904244162141	2.0
samp_63	-7.222566939112401	3.0848159784653104	0.1224910096024291		0.0		0.0	-5.441943096712944	2.0	-8.43343836514129	2.0	-4.69943979164767	1.0		0.0	-9.641236408950249	2.0	-2.0798604116346384	1.0	-10.541498001775594	1.0	-4.463590595948086	2.0		0.0		0.0		0.0	-3.2582792499988593	1.0	-11.194838793667339	1.0	-8.354837181261335	1.0	-5.971955253360569	2.0		0.0	-5.23112931545753	1.0	-7.233009486907742	2.0	-9.197438369610499	2.0
samp_64	-7.762725783239815	2.710153827494647	0.34900659759538133	-4.270329096027632	1.0		0.0	-5.3776680896118645	2.0	-8.29002841498614	1.0	-4.647754731370222	1.0		0.0	-9.435927856984675	2.0	-2.1467587460996014	1.0	-10.34905947036228	2.0	-4.41843151436721	1.0	-8.654866591496368	2.0		0.0		0.0	-3.2527907894328676	2.0	-10.882885704117916	1.0	-8.227734291549268	2.0	-5.900465696980939	1.0		0.0		0.0	-7.146566904353444	1.0	-8.99958557387137	1.0
samp_65	-7.2920367697230875	-13.016284205375117	16.18517544968487	-4.396407470499032	3.0		0.0		0.0	-8.404411025856284	1.0		0.0		0.0	-9.598586368619245	1.0		0.0	-10.502188016276476	2.0	-4.548986052299167	2.0	-8.782540270232435	3.0	-10.20303459232711	2.0	-4.444678415086804	3.0		0.0	-11.137811777103467	1.0	-8.328501270444402	1.0	-5.9726726701733375	2.0		0.0		0.0		0.0		0.0
samp_66	-6.31584053090596	2.9637541619008725	0.251487661152164		0.0	-2.964889750695982	3.0		0.0	-8.63271384131715	2.0		0.0	-5.829746429811108	4.0		0.0	-2.1214219826724814	1.0		0.0	-4.481711571907979	1.0	-9.034723385989262	1.0	-10.597672903508746	3.0		0.0		0.0		0.0	-8.500642518637598	2.0		0.0	-2.4408137104930314	1.0	-5.246213876374393	3.0		0.0		0.0
samp_67	-6.91218858782807	-12.074850629718028	15.192699669250779	-4.371193103407572	3.0		0.0		0.0	-8.429649755398176	1.0	-4.736562682619471	3.0		0.0	-9.645093111466345	2.0		0.0	-10.5186442196411	1.0	-4.524069464754302	2.0	-8.81686595063856	1.0	-10.298195979962891	1.0	-4.419518923152153	1.0	-3.5002303931386534	1.0		0.0	-8.340255537765382	1.0		0.0		0.0		0.0	-7.202493104353611	1.0	-9.211896594674888	3.0
samp_68	-7.14146884313237	3.1858648159848455	0.11934201281540167	-4.355932461326724	2.0		0.0	-5.487626499574288	2.0		0.0		0.0	-5.855749630761168	1.0	-9.735081365855995	2.0	-2.081375731883072	1.0	-10.629228199442572	1.0		0.0		0.0		0.0	-4.407982600023968	1.0	-3.282346297747273	1.0	-11.310545496643542	2.0		0.0	-6.020068135908364	1.0	-2.4147224633624282	1.0	-5.275950836441455	2.0		0.0	-9.290468808230385	4.0
samp_69	-7.12842999217849	2.8491128633024108	0.19637840084019104	-4.256054710049172	1.0	-2.9112275965906216	1.0	-5.369283588612363	1.0	-8.346980867725351	2.0	-4.634707280722069	1.0	-5.733842789313866	1.0	-9.542199014903746	1.0	-2.095232793645984	2.0		0.0		0.0	-8.726795811867333	2.0	-10.152607776930115	1.0		0.0	-3.225438597112364	1.0	-11.07864680625031	3.0		0.0		0.0	-2.403279650907612	1.0	-5.15948390630843	2.0		0.0	-9.103657132729255	1.0
samp_70	-7.013758301811555	2.8884090375176013	0.427595000667514	-4.385602769084314	1.0	-3.021594555182525	2.0	-5.505511400954461	2.0	-8.538635113138927	1.0		0.0		0.0		0.0		0.0		0.0	-4.535105896610595	2.0		0.0	-10.44625905490455	1.0	-4.437094161933544	2.0	-3.343813763761615	2.0	-11.360408029760857	2.0	-8.447961537279154	2.0	-6.032665307379981	1.0	-2.502515797707967	1.0	-5.294360612065755	1.0	-7.299310160838989	1.0		0.0
samp_71	-7.130535248807864	2.3527072651451855	0.8665213207942389		0.0	-3.0748386785751496	1.0	-5.469698806137518	1.0		0.0	-4.7456901384132495	3.0	-5.832775625988048	4.0	-9.671959193626073	1.0		0.0	-10.564485298900374	1.0	-4.520819434809527	1.0	-8.84229963206454	1.0	-10.310112004115112	1.0	-4.420000177528743	1.0	-3.3852057926076453	2.0		0.0		0.0		0.0		0.0	-5.2602301635847875	2.0	-7.245861569798879	1.0	-9.230017233766276	1.0
samp_72	-7.165691619160728	0.5452912653428317	2.5480614036557347		0.0	-3.1804273255553452	1.0	-5.422836591790412	3.0	-8.37452405405304	1.0		0.0	-5.78204089550447	1.0	-9.570200751882455	1.0		0.0		0.0		0.0	-8.753815009031642	1.0	-10.182300907722752	2.0	-4.397753693369294	1.0		0.0	-11.10976205911941	5.0		0.0	-5.93347817171676	2.0		0.0		0.0	-7.181013611311133	1.0	-9.130811411814042	2.0
samp_73	-7.223134243257126	3.021385470589461	0.3271582751003422	-4.390745400125394	1.0	-3.0093338574756494	1.0	-5.515752959968967	1.0	-8.522699479939552	1.0		0.0		0.0		0.0		0.0	-10.650730448120873	2.0		0.0	-8.910850713854053	1.0	-10.3950828387394	2.0	-4.4425174838059425	5.0		0.0	-11.325413591266052	2.0		0.0	-6.044744169802655	1.0	-2.4753117942695346	2.0	-5.304493153115261	1.0		0.0	-9.301513924726054	1.0
samp_74	-6.31319258521364	1.9922698112950346	1.1234854060423372		0.0	-3.077877150918127	4.0	-5.4306337151619335	1.0	-8.558919714407809	4.0		0.0	-5.796493874273451	2.0	-9.779053450419172	1.0		0.0		0.0	-4.487334748950328	1.0	-8.95693846276618	1.0	-10.507041677949259	2.0	-4.384820140829811	1.0		0.0		0.0	-8.432667715163255	1.0	-5.949459474445252	1.0		0.0		0.0	-7.226560953952762	1.0	-9.38674587962655	1.0
samp_75	-6.646896233277274	3.3534948950851007	0.029450117552847925		0.0		0.0		0.0	-8.667343143831749	1.0	-4.767032021982937	3.0		0.0	-9.923028675843975	1.0	-2.058372182781058	1.0		0.0	-4.524775523092649	1.0	-9.074608109959396	1.0	-10.643892213820436	2.0		0.0	-3.283628993868554	2.0	-11.542725210826188	1.0	-8.551504123314174	2.0	-6.06186309176014	1.0		0.0	-5.309871339262498	2.0	-7.3499675881358915	3.0		0.0
samp_76	-6.067772516388628	3.5763231089231438	-0.017577115078439468	-4.441360969458432	2.0	-2.984837435146157	3.0		0.0	-9.005385844463786	2.0	-4.837097739559504	1.0		0.0	-10.207122362423322	2.0	-2.0489586576893934	2.0		0.0	-4.587741945127391	1.0	-9.405994728267485	2.0		0.0		0.0		0.0		0.0		0.0		0.0	-2.402343843951604	2.0	-5.393107657548652	1.0	-7.496832973541211	2.0	-9.86491455603653	1.0
samp_77	-7.225563979822384	3.238448234952124	0.12126243569447659	-4.377170527903812	1.0		0.0		0.0	-8.528553283073544	1.0	-4.762998498607023	1.0		0.0	-9.756693063182253	1.0	-2.082597314058555	1.0	-10.659067828311684	1.0		0.0	-8.917377139876951	3.0		0.0	-4.4294244254804696	2.0		0.0	-11.335050378246319	2.0	-8.446190709105869	1.0	-6.045733954374982	5.0		0.0	-5.300296901551616	1.0	-7.3126005428177026	1.0		0.0
samp_78	-7.077575984144505	0.4085967714304269	2.6808236929054634		0.0	-3.1835236166597776	1.0	-5.421783024314899	2.0	-8.384601796196383	2.0		0.0	-5.781190929312334	3.0		0.0		0.0	-10.473942379318727	1.0	-4.5010349548198505	2.0		0.0	-10.211234948816262	2.0	-4.3970154314814955	1.0		0.0	-11.134465798068298	1.0		0.0		0.0		0.0	-5.2140644414494215	1.0	-7.181502229322518	3.0	-9.148530167512698	2.0
samp_79	-6.150543179872001	3.6302231774729945	-0.09854474539744473	-4.421379568519403	1.0	-2.9666118145379317	2.0		0.0	-8.949565731168278	1.0		0.0	-5.974110129934301	2.0	-10.165861508550474	1.0	-2.0313995706511068	4.0		0.0		0.0	-9.355101478983201	2.0	-10.950246664420611	1.0	-4.475064262257496	1.0	-3.288670522335723	1.0		0.0	-8.777020636935724	1.0	-6.142046600471507	3.0	-2.3843483984031195	1.0		0.0		0.0		0.0
samp_80	-7.013937592225746	3.5434037137003775	0.02160673376465778	-4.443412181528747	3.0	-2.991241777057107	1.0		0.0		0.0	-4.836226881213436	2.0		0.0	-9.980592119930307	2.0		0.0		0.0		0.0		0.0		0.0		0.0	-3.317336019347916	1.0	-11.592153364213413	2.0		0.0	-6.144188510670338	2.0	-2.4099653388908955	4.0	-5.3870535445183805	1.0	-7.429107034156857	2.0	-9.53815301407739	1.0
samp_81	-6.90642077147391	3.398277110378936	0.02080034660137901		0.0		0.0	-5.536893464210374	1.0	-8.629160379643473	1.0	-4.779344055749272	3.0		0.0	-9.887007373477998	1.0	-2.056412474418655	1.0		0.0	-4.536137583555295	2.0		0.0	-10.586531055563974	1.0	-4.44338027754894	2.0	-3.289153597214168	1.0	-11.488951340287466	2.0		0.0		0.0	-2.4007989822958207	1.0	-5.323455703695304	3.0	-7.3559336612934985	1.0	-9.451905982539571	1.0
samp_82	-7.585538579233684	2.518286463264689	0.42399435616403836		0.0	-2.9155879046568716	2.0	-5.324351053019182	1.0	-8.238260411638631	1.0	-4.598919268312941	1.0		0.0	-9.387160424839509	2.0	-2.1634351482815215	1.0	-10.293119252035005	1.0	-4.372173351685533	1.0	-8.604074069804291	3.0		0.0		0.0		0.0	-10.839436363692712	3.0	-8.174005466078297	3.0	-5.844802063267503	1.0	-2.443755129059453	1.0		0.0		0.0		0.0
samp_83	-6.8537161203182455	3.04696895764864	0.351259944837156	-4.413899282862027	3.0	-3.025675980046127	2.0		0.0		0.0		0.0		0.0		0.0		0.0	-10.744409917243496	1.0	-4.563214499621185	1.0	-9.030670249844913	1.0	-10.585807932756904	3.0	-4.465886998790514	2.0	-3.3514026599359337	3.0	-11.486589539361036	1.0	-8.525429116269985	1.0	-6.073714497610622	1.0	-2.487284386588786	1.0		0.0		0.0	-9.452588574068239	1.0
samp_84	-6.959616961144053	2.8708534613709253	0.2430312686776869	-4.288122432375017	1.0		0.0		0.0		0.0	-4.667927572218344	1.0	-5.769771545392098	4.0		0.0		0.0	-10.50874912428816	1.0	-4.435826607008064	2.0	-8.802569066762695	2.0	-10.276503875206783	3.0		0.0		0.0	-11.194362539214398	1.0		0.0		0.0	-2.4250067098990833	3.0	-5.193712665691353	1.0		0.0	-9.194701902471284	2.0
samp_85	-7.309037887623306	3.0178971483825205	0.24768900857154677	-4.350435475830625	1.0	-2.9750540755796826	1.0		0.0	-8.45771637565743	1.0	-4.732856236517954	1.0	-5.839517095651846	2.0	-9.665218554702587	2.0		0.0	-10.572884713223058	1.0		0.0		0.0	-10.28340651467132	1.0		0.0	-3.2960854235954216	1.0	-11.22111389048583	3.0	-8.380726437312976	1.0	-6.00205182041901	2.0	-2.444392101314111	2.0		0.0	-7.26178753185465	2.0		0.0
samp_86	-6.69245758792903	3.469344524480918	0.03802135891270727	-4.425747352182823	1.0	-2.985251424409318	2.0		0.0		0.0	-4.817304845651994	5.0	-5.9549846262147605	1.0	-10.018105234632872	1.0	-2.0613032712875614	1.0		0.0		0.0		0.0	-10.749353175128851	2.0	-4.478911551573873	1.0	-3.310668176762678	2.0	-11.640181607419887	1.0		0.0	-6.121893915835598	1.0	-2.4107501012268586	2.0		0.0		0.0	-9.603088608255796	1.0
samp_87	-6.652228880784027	3.4015206061530345	0.048127686437543775	-4.405769311372488	3.0	-2.9771007836492474	1.0		0.0		0.0	-4.79562120295321	1.0	-5.928841416968748	2.0	-9.978579637267394	1.0	-2.063727956038201	1.0		0.0	-4.552000710063309	3.0	-9.12636286996686	1.0	-10.706681685743316	2.0		0.0		0.0	-11.601406949724364	1.0		0.0	-6.094805761249357	1.0	-2.4094473089727844	1.0	-5.340741786690502	1.0	-7.386532231057742	1.0	-9.565836395912374	1.0
samp_88	-6.624397463717125	3.2586654351999456	0.11918079801102624	-4.385755319016882	2.0	-2.9764433104048913	1.0		0.0	-8.670031856105508	1.0		0.0	-5.897995341436412	1.0		0.0	-2.0825887794922404	1.0	-10.760451582841615	1.0	-4.532885699210918	1.0	-9.077262644994715	1.0	-10.646733847149868	4.0		0.0		0.0		0.0	-8.552737935662966	1.0		0.0		0.0	-5.3124790536022095	2.0	-7.349270463802866	4.0	-9.512165572984658	1.0
samp_89	-6.362863295944401	3.5126832293038297	-0.05219969242452174	-4.400206021175409	1.0		0.0	-5.558560833406442	1.0		0.0		0.0	-5.935982537195337	1.0	-10.057145145044089	1.0	-2.040137328675516	2.0		0.0	-4.545250017725695	2.0	-9.224662247958921	2.0	-10.81267233226912	2.0	-4.453385023856303	1.0	-3.2841279672942627	3.0		0.0	-8.668322095289783	1.0		0.0	-2.388620153416603	3.0	-5.342677530420461	1.0		0.0		0.0
samp_90	-6.893820414562824	0.7281081976100147	2.4704599642366945		0.0		0.0	-5.477418563089124	1.0	-8.485941481308284	2.0		0.0	-5.838122595191522	4.0	-9.712361523141084	1.0		0.0		0.0		0.0		0.0	-10.38016435534401	3.0	-4.450044057446846	2.0	-3.50541199904967	1.0	-11.292064985681748	2.0		0.0	-5.989259486541465	2.0		0.0	-5.269142223838371	2.0	-7.245903162129892	1.0		0.0
samp_91	-7.014396657436379	3.7812732265784548	-0.08468002875686798	-4.474248688810445	2.0	-2.9911592010513632	2.0		0.0		0.0	-4.8723166956903174	2.0		0.0	-10.094154174436474	2.0	-2.034099781650462	2.0	-10.965060305809697	1.0		0.0		0.0	-10.823234177238522	2.0	-4.528556073038119	1.0	-3.3157409261062476	1.0	-11.716609062508798	2.0		0.0	-6.202991579139564	3.0		0.0	-5.4356453703257515	1.0		0.0		0.0
samp_92	-6.223724749069595	3.591765586429304	-0.0637882029097976		0.0	-2.97159471962488	1.0	-5.5911119652491115	1.0	-8.9195267995057	2.0	-4.818187297175329	2.0		0.0	-10.146916813683776	1.0	-2.0384725175355998	2.0		0.0		0.0		0.0	-10.9223685600709	3.0	-4.477352257158645	3.0		0.0		0.0	-8.754956880499279	1.0	-6.139287851609152	2.0		0.0		0.0	-7.462402711023595	1.0	-9.78618798638765	2.0
samp_93	-7.708723987812486	3.195558791056946	0.0813838846634033	-4.340614574111084	3.0		0.0		0.0	-8.417327133250428	2.0	-4.72431298639475	2.0	-5.836366866467245	1.0		0.0	-2.069760647458617	2.0	-10.515565218570732	2.0		0.0	-8.788895674560367	1.0		0.0	-4.392566907210112	1.0	-3.2679688467617267	1.0	-11.098079220312318	1.0	-8.351359997105453	1.0	-6.001568891132334	1.0		0.0	-5.2592314769142305	1.0	-7.256972330590863	2.0		0.0
samp_94	-6.733148505477764	3.3965297059096264	0.06650156162245414	-4.412375455868202	3.0	-2.9827184266097335	1.0		0.0		0.0	-4.802277115645785	2.0	-5.934471123971623	1.0	-9.969460333611591	1.0	-2.06846136230684	1.0		0.0	-4.558794387574491	1.0	-9.11328917028951	1.0	-10.691938526685899	1.0		0.0	-3.3076989032669495	1.0	-11.58564198923546	1.0	-8.589964026719205	2.0	-6.100474305840313	2.0	-2.414570707392221	1.0	-5.347046401082666	1.0	-7.389272709430844	1.0		0.0
samp_95	-7.795628263496267	2.7828824514601314	0.3257622160134073	-4.290005635780522	1.0	-2.9487525150341836	1.0		0.0	-8.315196932273068	1.0		0.0	-5.763181103391569	3.0	-9.462915203581924	1.0	-2.141519877207663	1.0	-10.37898844754431	2.0	-4.437974729585922	1.0	-8.680447024964074	1.0		0.0		0.0	-3.2644271713187245	1.0	-10.91533691590082	1.0	-8.252963882314411	2.0	-5.924161222448104	1.0		0.0	-5.191110374698601	1.0	-7.17117927738372	2.0	-9.025601012103904	1.0
samp_96	-6.738154674614338	2.7850699131793126	0.383892927609876	-4.321235931650236	1.0	-2.9758257706189797	1.0	-5.4364184621975875	1.0	-8.49427787236774	3.0		0.0	-5.802986847125816	2.0		0.0	-2.1658408234510453	1.0	-10.58164474507944	1.0		0.0		0.0	-10.408295215491572	1.0	-4.372379267633706	1.0	-3.2933041796692213	3.0		0.0	-8.394419598476036	1.0	-5.962406233331756	1.0		0.0	-5.225514090561063	2.0		0.0	-9.300089717934148	2.0
samp_97	-7.316475864888917	2.3960528727667048	0.6294779188490391		0.0		0.0		0.0	-8.312825552818387	2.0	-4.6460341991171905	1.0	-5.731834726318639	1.0	-9.490372804910791	2.0		0.0	-10.391951541392817	1.0	-4.420685004614598	2.0		0.0	-10.06826845993986	1.0		0.0	-3.282503343795826	1.0	-11.000365262312496	2.0	-8.240831189681801	2.0	-5.889372028570625	2.0	-2.515727095429872	1.0	-5.16103119477207	1.0		0.0	-9.05128119721734	2.0
samp_98	-7.198851707119667	3.0931916412692115	0.1391277688731339		0.0	-2.9482570178613363	1.0		0.0		0.0		0.0	-5.821145623833005	2.0	-9.665479503631683	2.0	-2.0855486177357103	1.0	-10.564191743416458	1.0	-4.475209583246497	2.0		0.0	-10.295545483053978	1.0	-4.380306598699596	1.0		0.0	-11.225336178399305	1.0	-8.372436190756394	3.0		0.0	-2.4124365912214847	1.0	-5.2433654546906086	2.0	-7.2468847249112995	2.0	-9.221405227414115	1.0
samp_99	-7.3664623725681615	2.5965682831862806	0.4729477842244009		0.0	-2.9621714629235183	2.0	-5.387278585349482	2.0	-8.332966297138597	1.0	-4.659262668814723	2.0	-5.750060517255755	2.0	-9.511498220339545	1.0	-2.1925846485679026	1.0	-10.416777921620087	1.0	-4.431409067144907	1.0	-8.706950803955378	2.0		0.0	-4.332956304336644	1.0		0.0		0.0	-8.261612178562435	3.0	-5.90907493067564	1.0		0.0		0.0		0.0	-9.071127798012942	1.0
