run	log_tbg	log_alphap	log_betap	b3D3_log_P	b3D3_weight	b7G5_log_P	b7G5_weight	b7G6_log_P	b7G6_weight	b7G7_log_P	b7G7_weight	b7G8_log_P	b7G8_weight	b7G9_log_P	b7G9_weight	b7H1_log_P	b7H1_weight	b7H2_log_P	b7H2_weight	b7H3_log_P	b7H3_weight	b7H4_log_P	b7H4_weight	b7H5_log_P	b7H5_weight	b7H6_log_P	b7H6_weight	b7H7_log_P	b7H7_weight	b7H8_log_P	b7H8_weight	b7H9_log_P	b7H9_weight	b7I1_log_P	b7I1_weight	b7I2_log_P	b7I2_weight	b7I3_log_P	b7I3_weight	b7I4_log_P	b7I4_weight	b7I5_log_P	b7I5_weight	b7I7_log_P	b7I7_weight	b7I8_log_P	b7I8_weight	b7I9_log_P	b7I9_weight
fit	-6.652785373603789	3.762182238834161	0.0640366391300969	-4.596138622329729	1.0	-9.96113154856509	1.0	-9.023856001472351	1.0	-5.139656383008908	1.0	-5.006628160930941	1.0	-2.4148341975901917	1.0	-3.101873613713746	1.0	-4.86685150352069	1.0	-0.06777293007359667	1.0	-4.059605717159862	1.0	-2.5750607269056753	1.0	-4.055893997808368	1.0	-6.393934642269399	1.0	-5.780069229885849	1.0	-5.361698751169359	1.0	-11.275295611107486	1.0	-3.8491367427314125	1.0	-1.5973894170302916	1.0	-7.95110021922882	1.0	-4.000452652778685	1.0	-8.535825838358507	1.0	-10.944389885558866	1.0	-7.540650335020807	1.0
samp_00	-5.893991315031176	4.270448532572057	-0.10161960808468479	-4.674446461139892	3.0	-10.653478069154387	1.0	-9.501303374987273	1.0	-5.261084042311097	1.0		0.0	-2.403368147699455	1.0	-3.0747088691796374	1.0	-4.975726557008302	1.0	-0.06052795297614943	1.0		0.0	-2.5593011406052057	2.0	-4.097178929745196	2.0	-6.5902186864617835	2.0		0.0	-5.501859520808403	2.0		0.0	-3.909558030505871	1.0		0.0		0.0	-4.045168702412512	2.0	-8.890905660020493	2.0		0.0		0.0
samp_01	-5.9914614941224515	4.272893080544219	-0.08998178731590502		0.0	-10.637489466970036	2.0	-9.491360224878195	1.0	-5.265543236910561	2.0	-5.1283526966800626	1.0		0.0	-3.077242476089982	1.0		0.0	-0.06115315526409779	1.0	-4.118400120925763	2.0		0.0	-4.10134371154807	3.0	-6.5917712452224535	2.0	-5.94532872473368	2.0	-5.506323186822094	1.0	-11.824911887375611	1.0	-3.9134724742059595	1.0		0.0		0.0		0.0	-8.886330428362555	3.0		0.0		0.0
samp_02	-8.062680090163157	3.5596381160862087	0.08168420166608104	-4.53094517881844	1.0		0.0	-8.698195589737749	1.0		0.0	-4.92914874271998	2.0		0.0	-3.089234962145853	1.0		0.0	-0.06829675168317506	1.0		0.0	-2.5667799343885975	2.0	-4.006146097985354	1.0	-6.2882663343682585	1.0		0.0		0.0		0.0	-3.796681344402298	2.0	-1.601457287552886	2.0	-7.7803733993622535	2.0		0.0	-8.32540616493631	4.0	-10.545985996159507	1.0	-7.346311759568871	2.0
samp_03	-7.239977967517625	3.7998399997403887	0.024308928109272796	-4.586707208816261	2.0		0.0	-8.902953434218476	4.0	-5.13102276595614	2.0	-4.998839110717044	1.0	-2.407086575623643	1.0	-3.089885956832279	1.0		0.0	-0.06432774322425412	1.0	-4.0510865368456885	2.0	-2.566291332381641	2.0		0.0	-6.380997899753922	1.0	-5.770721822692523	1.0	-5.354160513709183	1.0		0.0	-3.8422968164213884	1.0	-1.5909859716854673	2.0		0.0		0.0		0.0	-10.856370224034382	1.0		0.0
samp_04	-7.028802048792227	3.8338756930186144	0.0730116185690178	-4.621865636980976	2.0	-9.83631184501277	1.0	-8.999591360513774	1.0	-5.169682926286751	2.0	-5.036599223339142	1.0		0.0		0.0	-4.896059835072289	1.0	-0.0687191995222009	2.0	-4.08154198256642	1.0	-2.5800376122895035	1.0	-4.076364175726277	1.0		0.0	-5.8124303342825145	1.0	-5.393712879967802	2.0	-11.241705766754409	2.0	-3.870827635491515	1.0	-1.5976569316028348	1.0		0.0		0.0		0.0	-10.960887934923665	3.0		0.0
samp_05	-6.896930651869884	3.8152561318327507	0.0444673311493966		0.0		0.0	-8.993712716065456	1.0	-5.149092153477805	1.0	-5.016245246656531	2.0	-2.4125658786199558	1.0	-3.0981288064086123	1.0	-4.876047399339992	1.0	-0.06623052029311999	1.0	-4.0646715579402874	3.0	-2.572305848735516	1.0	-4.059610629810739	1.0	-6.404393411110283	1.0		0.0	-5.372672494610742	1.0	-11.235748330127949	2.0		0.0	-1.593884649948236	1.0	-7.950012952510811	1.0	-4.004557925774083	1.0	-8.52892213876316	1.0	-10.939782376899972	1.0	-7.53005760738946	1.0
samp_06	-6.673914927768945	3.4982272108425816	0.17921939317126945		0.0	-9.79094980812446	1.0		0.0	-5.088231050756956	1.0	-4.95593081158731	2.0	-2.430372202548452	1.0	-3.1218200651487695	1.0	-4.8188261335310525	2.0	-0.07965846883049818	1.0	-4.033263825238612	1.0	-2.5927065189456133	2.0	-4.035355887051107	1.0	-6.323295944758823	1.0	-5.716711816694777	2.0		0.0	-11.123627981757979	2.0	-3.820541337086655	1.0		0.0	-7.863082958594754	1.0		0.0		0.0	-10.817065462012645	1.0	-7.453384900218299	2.0
samp_07	-7.0743275186489765	3.9292506353483243	-0.004624409374982678	-4.6142458427436175	2.0		0.0	-9.002265041495392	1.0		0.0	-5.034921927852826	1.0	-2.406898651103902	2.0	-3.088099456768426	1.0		0.0	-0.06303708692484603	3.0		0.0	-2.5654155965728975	2.0		0.0	-6.43066555542482	2.0	-5.815170340365159	1.0		0.0	-11.244833290463376	1.0		0.0	-1.5864663072687768	1.0	-7.973263663446948	4.0		0.0	-8.549712727340804	1.0	-10.969120143939243	1.0		0.0
samp_08	-6.774165760862027	3.2472029546282886	0.2711092833260845		0.0	-9.579655433095652	3.0	-8.778090440005977	2.0		0.0		0.0	-2.4403255414396803	1.0	-3.1269203049516197	1.0	-4.759143807764102	1.0		0.0		0.0	-2.6029245427989287	2.0	-3.998949901596011	3.0	-6.244650627423395	1.0		0.0		0.0	-10.93767234452444	1.0	-3.7792959153798176	1.0		0.0		0.0	-3.9415588306244937	1.0	-8.332309623137524	3.0	-10.67357649925283	2.0	-7.353717579567371	1.0
samp_09	-6.628288514197641	4.150472344805799	-0.14386946164381975	-4.615040762372021	1.0	-10.174700891452323	1.0	-9.169313723959739	1.0		0.0	-5.051389973020346	2.0	-2.390907805056985	1.0	-3.05811208430911	5.0	-4.907242305183141	1.0	-0.056203878755404134	1.0	-4.068494366398613	1.0	-2.5461894429373593	1.0	-4.053863752229952	1.0		0.0	-5.847330150436937	1.0		0.0	-11.45976420029424	1.0		0.0		0.0	-8.059427037430106	2.0		0.0	-8.656534564518502	2.0	-11.101965610661782	1.0		0.0
samp_10	-7.053773287695591	4.208179563918601	-0.08683298190132227	-4.654349667515661	1.0		0.0		0.0		0.0	-5.095667162354696	2.0		0.0	-3.074145616002266	2.0	-4.950406776942476	3.0	-0.06022986029359512	1.0	-4.101559125270049	1.0		0.0		0.0	-6.521084220607782	1.0	-5.894906638097	1.0	-5.467093804528466	2.0	-11.453860164916067	1.0	-3.89747039223181	1.0	-1.5766181432970845	1.0	-8.086062450950575	2.0		0.0	-8.673865158192228	3.0	-11.14391586851902	1.0		0.0
samp_11	-5.971659830485133	3.9970848688223852	-0.024880960396159158	-4.633791674497352	1.0	-10.4218838962308	1.0	-9.309549616226596	2.0	-5.196581218737607	1.0	-5.061024298386365	1.0	-2.4070409436717717	1.0	-3.087679739009751	1.0	-4.917490369704524	5.0		0.0	-4.085522555248306	2.0		0.0	-4.076193258214295	2.0	-6.488217008450625	1.0	-5.855876558688525	1.0	-5.426401913039332	1.0	-11.631750975044818	1.0		0.0	-1.584507026639391	1.0		0.0		0.0		0.0		0.0	-7.773563206635225	1.0
samp_12	-6.765187623289541	3.4276766706936757	0.22058668938613288	-4.55384934042681	1.0	-9.71340368996009	2.0	-8.870145376034753	1.0		0.0		0.0		0.0	-3.130342128982682	3.0	-4.809792947237032	3.0		0.0	-4.029524323120427	2.0		0.0		0.0		0.0		0.0		0.0	-11.067031275442263	2.0	-3.81621626689567	3.0	-1.630516780503742	1.0	-7.839895366277389	1.0	-3.975961028335817	1.0		0.0	-10.780774008236222	2.0	-7.427356912698584	1.0
samp_13	-6.340425224735004	3.5543918062159463	0.19084041802884308	-4.588246837374824	1.0		0.0	-9.034326908861814	1.0	-5.120800737844942	1.0		0.0		0.0	-3.132839031144869	1.0		0.0	-0.08078307638387901	2.0	-4.057189393855289	1.0		0.0		0.0	-6.365546303733602	2.0	-5.753705664946357	1.0	-5.337174618134177	4.0	-11.289889166509822	1.0	-3.843437158679248	1.0		0.0	-7.933280196570227	3.0	-4.0016526552469704	1.0		0.0		0.0	-7.54160251878143	3.0
samp_14	-7.184305860274086	4.023816125872774	-0.019923769915328095		0.0		0.0	-9.035003648274893	2.0		0.0	-5.061941593332662	1.0	-2.4075046179791055	1.0	-3.0872683679857325	1.0		0.0		0.0	-4.088478767046655	3.0	-2.565522424127613	2.0	-4.078063995954646	1.0	-6.465968127818325	1.0	-5.847873908787181	4.0	-5.425560069661726	1.0	-11.289327549338312	1.0	-3.881158500137029	1.0	-1.5841389008039213	1.0		0.0		0.0	-8.586431172663497	1.0	-11.020093984907373	2.0		0.0
samp_15	-6.665836025048848	3.7176316600968042	0.09935180406827357		0.0	-9.94409759494874	1.0		0.0		0.0	-5.006171263093664	2.0	-2.4211314329882487	2.0	-3.1111519863820756	1.0	-4.866798761515182	2.0		0.0		0.0		0.0	-4.060203148748026	1.0		0.0	-5.777526231013095	1.0		0.0	-11.26246315785035	5.0		0.0		0.0	-7.9447630095001465	1.0	-4.004326379925579	3.0	-8.52848513828957	2.0	-10.934909891528525	1.0	-7.534268689464679	1.0
samp_16	-6.58941518309276	4.339298717463608	-0.136829291183153		0.0		0.0		0.0		0.0	-5.119449543858917	1.0		0.0	-3.0651116674186887	1.0	-4.97181601600115	1.0	-0.059088908279896456	1.0	-4.108934154442965	1.0	-2.553935331324923	2.0	-4.089259213948694	1.0		0.0	-5.932588701125782	2.0	-5.497967248509887	3.0	-11.663967418647909	3.0		0.0	-1.5724027989425469	4.0		0.0	-4.038610522407725	2.0	-8.797225916485884	1.0		0.0		0.0
samp_17	-6.595604508081728	3.80948024948386	0.10070172030079648		0.0		0.0		0.0	-5.177378617873069	2.0	-5.043568309692156	1.0	-2.425383390511235	2.0		0.0	-4.9028738083927585	1.0	-0.07115388488091366	5.0		0.0	-2.5865053204001307	1.0		0.0	-6.437875416325717	1.0	-5.821168912329633	1.0	-5.400702583353333	1.0	-11.374164044940457	2.0	-3.8765964466586214	1.0		0.0	-8.00702014400759	2.0	-4.028548096611947	1.0	-8.598139862045034	1.0		0.0	-7.599904877023816	1.0
samp_18	-6.088569512479696	4.105527646565324	-0.022770338457236406	-4.664936734564811	1.0	-10.498204877487098	2.0		0.0	-5.236599295727908	1.0		0.0	-2.4110260753419914	3.0		0.0	-4.955211848767346	1.0	-0.06357456706040654	2.0		0.0	-2.5689693577077337	2.0	-4.098352505676287	1.0	-6.538597244356618	1.0		0.0		0.0	-11.694093361208232	2.0	-3.902080817759143	1.0	-1.5841553496385794	2.0	-8.18165049583351	1.0	-4.044606464134668	2.0	-8.79487145875183	1.0		0.0		0.0
samp_19	-6.395098740096207	3.8328799367119246	0.012907134297023188	-4.596376113638809	1.0	-10.113527398149593	1.0		0.0	-5.144927280430486	2.0		0.0	-2.406975584296299	1.0	-3.0897441985902883	1.0		0.0	-0.06383113200779021	1.0	-4.057605005708892	1.0	-2.566059244299548	1.0	-4.0520324678476864	1.0		0.0	-5.790299602413705	2.0	-5.369190048616243	1.0	-11.369612873887046	3.0		0.0	-1.5895987606741424	1.0	-7.988074758097155	2.0	-3.997189571429872	2.0	-8.581168902039792	1.0		0.0	-7.591184928030429	1.0
samp_20	-6.367839636917224	3.820941270344937	0.005676397934182258	-4.589239870676596	1.0	-10.105433784415322	2.0		0.0		0.0	-5.003512505725491	1.0	-2.404815566570117	4.0	-3.086599087730886	1.0	-4.863015699162138	1.0		0.0		0.0	-2.5637191760685094	1.0	-4.046061297749475	2.0	-6.400012998759963	1.0	-5.781634685172204	1.0	-5.3608219101386	1.0	-11.359372245646147	1.0		0.0	-1.5887835080019816	1.0	-7.979127813551401	3.0		0.0		0.0	-10.982634994096161	1.0	-7.583830167273036	1.0
samp_21	-6.853583300721898	4.219454572363693	-0.11264101578502354	-4.646353459742967	3.0		0.0	-9.188603892652068	1.0	-5.2225767546651225	1.0	-5.088516638236357	2.0		0.0	-3.0680601226662993	2.0	-4.943126835158162	2.0		0.0	-4.09431922645134	1.0	-2.554201170620415	1.0		0.0		0.0		0.0	-5.460557991987522	1.0	-11.49751072276348	2.0	-3.8912108756509296	2.0	-1.5742129367812279	1.0		0.0	-4.026462869445171	1.0	-8.69119489156695	2.0	-11.159742344521785	1.0		0.0
samp_22	-6.698780773435954	3.343720253934999	0.3141819431144	-4.5686131789137985	1.0	-9.757963747538485	1.0		0.0	-5.089514616527155	2.0	-4.957174183201935	1.0	-2.461739493343765	1.0	-3.159326962027257	1.0	-4.821205143095056	2.0		0.0	-4.045562740466283	1.0		0.0	-4.051167652116702	1.0	-6.316131634786701	1.0	-5.712478603278759	1.0	-5.300983088091901	1.0	-11.097033215697003	2.0		0.0		0.0	-7.850720548131307	2.0	-3.9933548341506153	2.0		0.0	-10.797676006992612	1.0	-7.441557588972259	2.0
samp_23	-5.391375670508489	3.904638114927462	0.12786837647842964		0.0	-10.67055885877008	3.0	-9.475560069729795	2.0		0.0		0.0		0.0		0.0	-4.970053237413469	4.0	-0.0742433673923546	2.0		0.0	-2.5993733205872123	1.0		0.0	-6.565917046532162	2.0	-5.9190337597458464	3.0	-5.480923786704005	2.0		0.0	-3.9190016847309264	1.0		0.0		0.0	-4.073083217899621	1.0		0.0		0.0	-8.04673644777188	2.0
samp_24	-7.413418265611085	3.3290411473215764	0.21927147387635912	-4.51389358528813	1.0		0.0	-8.704500537476223	1.0	-5.032418872809416	1.0	-4.901407940746716	1.0		0.0		0.0	-4.766230522649665	1.0		0.0	-3.9952637105332522	1.0	-2.591927214539512	2.0	-4.000000197322804	2.0	-6.250880518361162	2.0	-5.652233562584172	2.0	-5.243850084836545	1.0	-10.7350271142753	1.0		0.0	-1.6320534837122878	1.0		0.0	-3.9430774575559417	1.0		0.0	-10.599488265317465	2.0	-7.325318949558241	3.0
samp_25	-6.192340336211652	4.158078399571802	-0.048917523263203755		0.0	-10.488636149735648	2.0	-9.374698289674965	1.0	-5.2409067603043855	1.0	-5.104946784035718	1.0		0.0	-3.0850483326513123	1.0		0.0	-0.06233755522645311	1.0	-4.110233493670378	3.0	-2.565108781538893	2.0		0.0	-6.545548941613977	3.0	-5.909410988522058	2.0	-5.47667833035596	1.0		0.0		0.0		0.0	-8.183141353953781	2.0	-4.043427814703883	1.0	-8.79757839178551	1.0	-11.250914628947493	1.0		0.0
samp_26	-6.308439481451737	4.042083386323445	-0.05047608891146481	-4.631066435865893	1.0	-10.313071807627221	2.0	-9.242571195611292	1.0	-5.195247464033124	1.0	-5.060657313219678	3.0	-2.4033482593381557	2.0	-3.08070571584576	1.0	-4.917126841443344	1.0	-0.06102639019942893	1.0	-4.083306456504896	1.0		0.0	-4.072435328558117	2.0		0.0	-5.85389580557866	1.0		0.0	-11.53608555332588	1.0		0.0	-1.5810699945146496	2.0	-8.089512735382645	1.0	-4.018919503774534	1.0		0.0	-11.131770180937954	1.0		0.0
samp_27	-5.944079930979098	4.031272340435471	0.034416065606256555	-4.673146976592244	1.0	-10.52964598754406	2.0		0.0	-5.240474734420301	2.0	-5.103722715490457	2.0	-2.4197344636402103	1.0		0.0		0.0	-0.06702438687388962	1.0	-4.1187464198634	1.0		0.0		0.0	-6.540170249546759	2.0	-5.9037945987165354	1.0	-5.471453262402231	3.0	-11.73137012003122	1.0	-3.9077684698452795	1.0	-1.5913563014564525	1.0		0.0		0.0	-8.80471049077551	3.0		0.0	-7.85358362466496	1.0
samp_28	-7.425943246265948	3.988328016100115	0.004133259436251626	-4.634847616334058	1.0	-9.706816324866953	1.0		0.0	-5.1925846279732815	1.0		0.0	-2.4107279776428268	1.0	-3.092931948815185	2.0	-4.917368841857207	2.0		0.0		0.0	-2.569320388891169	1.0		0.0	-6.457889144521748	1.0		0.0	-5.421599478890758	1.0		0.0	-3.88153983648387	4.0	-1.5871188554565887	2.0		0.0	-4.026308396739648	2.0	-8.55673693732209	1.0	-10.966488338595584	3.0		0.0
samp_29	-6.048326037273046	3.1853523140424964	0.36719769900787935	-4.537293213184087	1.0	-9.953600562706166	2.0	-8.94627702671109	1.0		0.0	-4.919745762415741	1.0	-2.469169537132929	2.0	-3.1614091116435135	2.0	-4.784552199326982	1.0		0.0		0.0	-2.633586400851295	1.0		0.0	-6.280037438489004	2.0	-5.673551450680153	1.0		0.0	-11.209164413001243	2.0	-3.803080600293295	4.0		0.0		0.0		0.0		0.0		0.0	-7.473994171150452	3.0
samp_30	-7.332243809767846	3.19786312127763	0.21218987057364727		0.0	-9.257667589789325	1.0		0.0	-4.972320953649536	1.0		0.0	-2.415565277149409	1.0		0.0	-4.707851935184085	1.0	-0.08604992405143737	2.0	-3.9470696157270044	1.0	-2.5761394323531817	2.0	-3.9534320480907015	1.0	-6.1840090458132435	3.0	-5.5877544497770035	1.0		0.0	-10.633135400886598	2.0		0.0		0.0		0.0		0.0	-8.231799849618922	1.0	-10.504530869303451	3.0	-7.2562975229093425	3.0
samp_31	-7.211424145776208	3.7917031737544242	0.015648443745100483	-4.5800211895390674	2.0	-9.640802755932928	1.0	-8.896630144900653	2.0		0.0	-4.991614233579608	2.0	-2.404765690856845	1.0	-3.086466169261773	2.0	-4.85208310051802	2.0		0.0	-4.045258600327075	1.0	-2.563732454214081	2.0		0.0	-6.373046083701547	1.0		0.0		0.0	-11.076165554246984	1.0		0.0		0.0		0.0	-3.9855724478235675	1.0	-8.466532350141273	2.0	-10.847009239369324	3.0		0.0
samp_32	-6.3593686306710895	4.334297446030167	-0.14279753412999988		0.0		0.0	-9.400467254539848	2.0		0.0	-5.117625550807056	3.0		0.0	-3.064184347460329	2.0	-4.969818579351803	1.0		0.0	-4.1069445842299	1.0	-2.5531663240604874	3.0		0.0	-6.573802246241753	1.0	-5.932797575212238	1.0	-5.496537094123007	2.0	-11.7151883463339	1.0	-3.905402615042651	1.0	-1.5720440127014985	2.0	-8.211106511307957	1.0	-4.036743440841591	1.0	-8.82922528349677	1.0		0.0		0.0
samp_33	-6.597462841210519	3.4739927286819974	0.21687325550887465	-4.570051453974904	1.0	-9.844963357422811	1.0	-8.935240065862645	2.0	-5.09741377044075	1.0		0.0		0.0	-3.1344265149684065	1.0	-4.827806739424684	3.0	-0.08432708259274244	3.0	-4.043105899171584	1.0		0.0		0.0	-6.332449752786404	1.0	-5.725455145119924	2.0		0.0		0.0	-3.8294316199878167	2.0		0.0	-7.877231094193231	1.0	-3.988849050239321	1.0		0.0	-10.838331942767567	1.0	-7.471164330751029	2.0
samp_34	-6.561104294849919	4.0369425473953	0.02327178034818686	-4.662656735935066	1.0		0.0	-9.231949405950704	1.0	-5.226956876086232	2.0		0.0	-2.416735142687438	1.0	-3.1016600511146204	1.0	-4.948398704553632	3.0	-0.0659314858425645	1.0	-4.111493439999254	1.0		0.0	-4.101403862407118	2.0	-6.509786324059389	1.0		0.0		0.0	-11.531157852906144	1.0	-3.9019561459879544	2.0		0.0	-8.101862646793698	1.0	-4.047068390284453	3.0	-8.703894493146992	2.0		0.0		0.0
samp_35	-7.4848109093948025	3.4810430904337797	0.09181840674524899	-4.508553718412093	5.0		0.0		0.0		0.0	-4.902953349654246	1.0	-2.403982909742355	2.0		0.0		0.0	-0.06914127878925526	1.0		0.0	-2.5639066824563583	2.0	-3.988263801854167	1.0		0.0	-5.6584909017592935	1.0	-5.248665312974971	1.0	-10.729543397888982	1.0		0.0	-1.6038942294833785	2.0		0.0	-3.932436529145756	1.0	-8.313989262690793	1.0	-10.606159832552205	2.0	-7.3325423822608276	2.0
samp_36	-6.277836459728852	4.163135362476472	-0.04891775085735994	-4.66612834133974	2.0		0.0	-9.356104777677361	2.0	-5.241296025698212	1.0		0.0		0.0		0.0	-4.959875449683921	4.0	-0.062303220350525795	1.0	-4.11074680395583	3.0		0.0	-4.096864191612663	1.0	-6.54411023567248	3.0	-5.909304364494829	1.0	-5.477214770257929	1.0		0.0		0.0	-1.5809560020108542	1.0		0.0	-4.043845464960961	1.0	-8.787170679831092	2.0		0.0		0.0
samp_37	-4.9583818343441095	3.9722314841150403	0.02385815549016384	-4.673494872467822	1.0	-10.800942434591247	1.0	-9.50676176417958	1.0	-5.2460897281631285	1.0	-5.1038270484005555	2.0	-2.419605983067183	3.0	-3.109139266132277	1.0	-4.957079302543824	1.0	-0.06713866896053977	1.0	-4.113712895403644	2.0		0.0	-4.106830155425431	1.0	-6.5849276425925884	1.0	-5.923134189357699	1.0	-5.475134975772811	1.0		0.0	-3.899779214602091	1.0	-1.5927745664795363	1.0		0.0		0.0		0.0		0.0	-8.205321626687468	3.0
samp_38	-6.982983970161112	3.7439466213487855	0.0746496222725408	-4.5935161339584365	2.0		0.0	-8.946759558493829	2.0	-5.135168558387296	2.0		0.0	-2.4161353574912643	1.0		0.0	-4.863250314861417	3.0	-0.06854107986237583	1.0		0.0		0.0		0.0	-6.383834248163042	1.0	-5.773229995982053	1.0	-5.356623808925545	1.0	-11.167039346181864	1.0	-3.847723748133614	1.0	-1.5989939996217881	2.0	-7.92053401872305	1.0	-3.9993960901064676	2.0		0.0	-10.892454952502653	1.0	-7.498865059349441	1.0
samp_39	-5.7453630493938865	4.064895912215421	0.021341954715592085	-4.679898023615282	2.0	-10.61399139750061	2.0	-9.459395525074296	1.0		0.0	-5.113750106193456	2.0	-2.4186995774301483	2.0		0.0	-4.968117114110423	3.0		0.0	-4.1227241498773735	2.0		0.0	-4.112470241333227	2.0	-6.563009377798636	2.0		0.0		0.0		0.0	-3.9117895933652953	1.0		0.0		0.0		0.0	-8.84913881807838	3.0		0.0	-7.941118806664514	1.0
samp_40	-7.262887719039494	3.6554501747860066	0.10523557056821001	-4.577353247817645	1.0	-9.574272670332345	1.0	-8.858000533823652	1.0	-5.113136367271799	1.0	-4.981137950118159	1.0		0.0	-3.107575138357373	1.0		0.0	-0.0711725864323325	2.0		0.0		0.0	-4.0446088093577	1.0	-6.35263573713378	2.0	-5.746137441854275	1.0	-5.332145015092969	3.0	-11.008976318187948	1.0		0.0		0.0	-7.871749580626401	1.0		0.0	-8.43543205841708	2.0	-10.799135382067417	3.0	-7.445025787548715	1.0
samp_41	-6.7965442721380365	3.784216944504173	0.06586262067787123	-4.603466330295378	1.0	-9.907849554824793	2.0	-9.008872782082719	1.0		0.0		0.0	-2.416131508307498	2.0	-3.1036211718806674	1.0	-4.875227778572422	1.0	-0.067972110947164	2.0	-4.065927322595804	3.0	-2.576384497739768	2.0		0.0		0.0	-5.789096494030148	2.0		0.0		0.0		0.0		0.0	-7.952671464836171	1.0	-4.006357374841938	1.0	-8.534213613408587	2.0	-10.945467695270484	2.0		0.0
samp_42	-6.680258170574131	3.977030702705188	-0.05158173479175822	-4.608429846189918	1.0		0.0		0.0	-5.165816588758794	1.0		0.0		0.0	-3.076642747539431	1.0		0.0	-0.06007269324106688	1.0	-4.065800439339998	1.0	-2.5574112889621707	1.0	-4.05629038588762	1.0		0.0	-5.817417434423661	1.0		0.0	-11.365056568792003	2.0	-3.8592733969812105	1.0	-1.5807330792021677	3.0	-8.00632974963264	3.0	-4.00271105275773	1.0	-8.596286843402858	4.0		0.0	-7.592577726186899	1.0
samp_43	-6.506277427678948	4.228406794259825	-0.13754426637712946	-4.639559096408142	1.0		0.0	-9.271802762950681	1.0		0.0	-5.0826928096598545	1.0		0.0	-3.0626370035949146	2.0	-4.937010765688759	2.0	-0.057717417183729386	1.0		0.0	-2.550482069298918	1.0	-4.071232967928276	2.0	-6.519312752731717	1.0	-5.886568951353801	1.0	-5.45570845677565	1.0	-11.576143693761967	1.0		0.0	-1.5720517733966974	1.0	-8.125907595993434	5.0	-4.019831835012093	1.0	-8.732607468388846	1.0		0.0		0.0
samp_44	-6.064434804423381	3.793332206103785	0.05358907975298441	-4.6062371184837705	1.0	-10.255769863027567	1.0	-9.181291583458396	3.0		0.0	-5.019552049357728	5.0	-2.414760203387859	1.0	-3.1019659666528723	1.0	-4.878751559222284	2.0		0.0		0.0	-2.574880405250289	1.0		0.0		0.0	-5.800254879625799	1.0		0.0	-11.478289198137022	1.0	-3.8554363891034615	1.0	-1.5960391455948746	1.0	-8.028418630357702	1.0		0.0	-8.626690866617437	1.0		0.0	-7.66183811884515	2.0
samp_45	-7.33094763061312	4.023567351041163	-0.04349280385962502		0.0		0.0	-8.990280013341264	2.0	-5.182706272445912	3.0	-5.049832721054349	1.0	-2.4029509217099543	2.0	-3.080136946292995	1.0	-4.907427063416379	2.0		0.0		0.0	-2.5604423759288726	1.0	-4.067722016187553	1.0	-6.451448759540035	1.0		0.0	-5.413062316157722	2.0	-11.21043410428598	1.0	-3.872074537481294	1.0	-1.5813469560513844	2.0		0.0		0.0		0.0	-10.973725691232119	3.0		0.0
samp_46	-6.398735532615874	3.647244177643464	0.06249818742358387		0.0	-9.964192829309612	2.0	-8.992793054658753	2.0		0.0		0.0	-2.408549698428235	1.0	-3.0928099498156483	1.0		0.0		0.0		0.0	-2.5685821020693056	3.0	-4.025783765995634	2.0		0.0	-5.7303225724884985	1.0		0.0	-11.237936346611772	1.0	-3.817055284271099	2.0	-1.598270633840256	2.0	-7.9050304018215165	2.0	-3.9701104910542937	2.0		0.0	-10.880489049251969	1.0	-7.507512535093027	1.0
samp_47	-6.445857443442226	3.7780323836130787	0.03741486168278478		0.0		0.0	-9.06438378839965	4.0	-5.134737771987499	1.0	-5.001491202784071	2.0	-2.409686948673576	1.0	-3.094247517151532	1.0	-4.861470335980659	3.0		0.0	-4.053181282216361	1.0	-2.5693246114614534	2.0	-4.04895822877013	1.0	-6.393183638711235	1.0		0.0		0.0	-11.325285956333248	2.0		0.0	-1.5934526711398227	1.0		0.0	-3.9937479142746484	2.0		0.0		0.0	-7.564317080909202	1.0
samp_48	-7.05872806706124	3.598874369577258	0.19753432495049617		0.0		0.0		0.0	-5.136846019212012	1.0		0.0	-2.440464423924758	1.0	-3.1378683437162227	1.0	-4.866165421913772	3.0	-0.0809684440184647	1.0	-4.071193968322032	3.0		0.0		0.0	-6.375340321659673	1.0	-5.768471033038509	2.0	-5.354202243688409	1.0	-11.119447021551645	1.0	-3.8575357113800033	3.0	-1.6217181559772555	1.0	-7.903942709096644	1.0		0.0		0.0	-10.862364722232671	1.0	-7.482245286282296	2.0
samp_49	-6.132510631888032	4.056540106596688	0.04755820364906922	-4.684377599959326	1.0	-10.505488002815266	3.0	-9.386276590258419	1.0		0.0		0.0		0.0	-3.1107176790450244	1.0		0.0	-0.06789762960765064	2.0	-4.128572816915471	2.0		0.0	-4.118506526757223	1.0	-6.5502138553606875	1.0	-5.916179151893368	1.0	-5.484778514576244	2.0	-11.699712365263144	1.0	-3.9174294608927975	2.0		0.0	-8.190060902531066	1.0	-4.063691749016719	2.0	-8.804169716182322	1.0	-11.25590828355722	1.0		0.0
samp_50	-7.6186375708457525	3.7978845441813904	0.0544885365276802		0.0		0.0	-8.864882745224241	1.0	-5.143575176530915	2.0		0.0	-2.413616151492988	2.0	-3.099591690495257	1.0	-4.871739221817746	2.0	-0.06686436746510951	1.0	-4.062927426342152	2.0	-2.57351689266964	2.0		0.0	-6.391112021868636	1.0		0.0	-5.3665358322425245	2.0		0.0	-3.8532442058009253	2.0	-1.5952431834220586	2.0		0.0		0.0	-8.462275892337805	1.0	-10.807748405908773	1.0	-7.471113904808249	1.0
samp_51	-5.769988110217974	4.125730631015349	0.03258175904703439		0.0	-10.680587158856323	2.0	-9.519120219915028	1.0	-5.279923173433036	3.0	-5.14142303647375	2.0	-2.422206801020338	1.0		0.0		0.0	-0.0674740181420814	6.0		0.0	-2.581383496892914	1.0	-4.1288733110417075	1.0		0.0		0.0	-5.514608977395873	1.0		0.0		0.0		0.0	-8.289135543098464	1.0	-4.074202503315215	2.0	-8.902091528930834	2.0		0.0		0.0
samp_52	-6.590854982576325	3.5232603046475672	0.13141504083654015		0.0		0.0		0.0	-5.075596051727854	1.0		0.0	-2.41867248432111	2.0		0.0		0.0		0.0	-4.019782796179369	3.0	-2.5799213993843644	2.0		0.0		0.0	-5.705112248550633	2.0	-5.2913742389558625	2.0	-11.126710406321036	2.0	-3.8082584414195018	1.0	-1.611407529913981	2.0		0.0	-3.964682263636567	1.0	-8.433407329945624	2.0		0.0	-7.449160187114586	3.0
samp_53	-6.421935438672341	3.540961634714896	0.2333241122231569	-4.603740064314758	2.0	-10.023175266835706	2.0	-9.038384154725913	1.0	-5.135645729356755	2.0	-5.0022413731123505	1.0		0.0		0.0		0.0		0.0	-4.0721156084729095	2.0	-2.612373781278832	3.0		0.0	-6.378899182140962	1.0		0.0		0.0	-11.292854808196292	1.0	-3.857282607373984	2.0		0.0		0.0	-4.0168461609682735	2.0	-8.530693560208828	2.0	-10.931309356687006	1.0	-7.546948727666442	1.0
samp_54	-6.697353799315226	3.4117729314985006	0.24562756401448427		0.0	-9.758028815328196	1.0	-8.890153419297551	2.0	-5.084513305667254	2.0	-4.952248771718893	2.0	-2.4445189304780977	1.0	-3.1388781070884715	1.0	-4.815827775607996	2.0	-0.08858446987741014	1.0		0.0		0.0	-4.040107543969557	1.0		0.0	-5.7097014672489825	2.0		0.0	-11.096957918774718	1.0	-3.822178279886966	1.0		0.0	-7.850152760859536	1.0	-3.9828029270056167	1.0	-8.42458465990229	1.0	-10.79742306030508	1.0	-7.440305380207938	2.0
samp_55	-6.544151331130707	3.5701729760434864	0.17108532806490295	-4.582781253862642	2.0		0.0	-8.984592858583145	1.0	-5.115462855322307	1.0	-4.982576740725467	1.0	-2.4324394982855417	1.0		0.0	-4.844581563507226	1.0	-0.07841609336591256	1.0	-4.052180408762488	2.0		0.0		0.0	-6.357608341014341	2.0		0.0		0.0	-11.22450059167787	2.0	-3.8391248996337715	1.0	-1.617927615225584	1.0	-7.91126138166937	3.0	-3.9963606793381516	2.0		0.0		0.0	-7.507315540555442	2.0
samp_56	-7.258012362271703	2.868414148325824	0.5981111191135218	-4.515832316950581	1.0		0.0	-8.673705041123005	2.0	-5.017219276981985	1.0		0.0	-2.5262902363824855	1.0		0.0		0.0		0.0	-4.00839844084763	5.0	-2.689930947585121	1.0		0.0	-6.218190716071236	1.0	-5.625055217369883	1.0		0.0	-10.716792712021716	1.0		0.0		0.0	-7.714945487986614	1.0	-3.9623652895687695	2.0	-8.268485350213329	2.0	-10.560993992032431	1.0	-7.2948281409983515	3.0
samp_57	-7.117301347375175	3.7602996031892966	0.03289530491222937	-4.578319596410432	3.0		0.0	-8.903670230374495	1.0	-5.120248756080688	1.0		0.0		0.0		0.0	-4.848852676196577	1.0	-0.06482286359684582	2.0		0.0		0.0	-4.040165480929764	2.0		0.0	-5.758310234648063	1.0	-5.342255564142568	1.0	-11.095778347006444	1.0		0.0	-1.592505117833502	2.0	-7.89725614545027	2.0	-3.9851803641204935	2.0	-8.466431227925904	2.0	-10.850426910188625	1.0	-7.471959609927951	1.0
samp_58	-6.4004664953757056	4.079167484555725	-0.08473652696158804	-4.624665579369511	2.0	-10.275123395988574	1.0	-9.220447417570012	1.0	-5.190764918034677	1.0	-5.056541143164462	1.0		0.0	-3.072046274187521	2.0	-4.912807291972184	2.0	-0.059098337384571896	1.0		0.0	-2.5550809875836418	2.0		0.0	-6.478443924091372	1.0	-5.850701246080199	2.0		0.0	-11.511750651517463	4.0		0.0		0.0	-8.079194123768136	2.0	-4.012262528446479	1.0		0.0		0.0		0.0
samp_59	-6.197337741207342	3.779480463805267	0.07199198237343232		0.0	-10.207712291459929	2.0	-9.153790780851025	1.0	-5.155699008221786	1.0	-5.021527569695371	1.0	-2.4181172046854815	2.0	-3.1069743034646415	1.0		0.0		0.0	-4.0698459977199315	2.0	-2.5786411830192772	2.0		0.0		0.0	-5.800204089837348	2.0		0.0	-11.436715491760127	3.0	-3.8585143543976037	2.0	-1.5987482971634006	1.0		0.0	-4.010406471839331	1.0	-8.612003960402284	1.0		0.0	-7.6349254077617275	1.0
samp_60	-7.310053956429024	3.501492425615034	0.1640816512897824	-4.55139190602926	3.0		0.0	-8.790269522933277	4.0	-5.078574117139463	1.0		0.0		0.0		0.0	-4.810273731176336	1.0		0.0	-4.026018340295622	1.0		0.0	-4.0277418358820345	2.0	-6.307615971070691	2.0	-5.704980693409329	1.0		0.0	-10.893801271792846	1.0		0.0	-1.6175524389956557	1.0	-7.818172111660838	1.0	-3.971249772571571	1.0	-8.377302304146024	1.0	-10.712293169370168	2.0	-7.39222210857164	1.0
samp_61	-5.723139725022149	4.079013090769024	-0.08473718081468028		0.0	-10.526531774096448	1.0		0.0	-5.2032189603915295	3.0	-5.0666906040874595	1.0		0.0	-3.0746073095239783	3.0	-4.92176283551774	4.0	-0.05953010637883672	1.0		0.0	-2.556631793760125	2.0		0.0	-6.511617094804923	1.0		0.0	-5.436210676819587	2.0		0.0		0.0		0.0		0.0		0.0	-8.780701465611976	3.0		0.0	-7.871272010318258	2.0
samp_62	-7.560661457323673	3.6424732180682744	0.1324220550481866	-4.585240104191125	1.0		0.0	-8.825011440556645	2.0	-5.1201362966043815	1.0	-4.988210363058372	2.0	-2.42509744428867	1.0	-3.1162437527329714	1.0	-4.850096021958149	2.0	-0.07385512503932964	1.0		0.0		0.0	-4.052879799969652	3.0		0.0	-5.752009580345374	1.0	-5.338720686346566	1.0		0.0	-3.842202629206107	2.0	-1.6094199844672374	1.0	-7.865953583644898	1.0		0.0	-8.422746482010622	1.0	-10.755385864403369	1.0	-7.435357058255512	1.0
samp_63	-7.498929195780969	3.586416995704519	0.038216692700083904		0.0	-9.368471476425615	1.0	-8.740341035383357	1.0	-5.051047488097665	1.0	-4.920136046035998	1.0	-2.397445922217793	1.0	-3.076289459968691	2.0	-4.783091703334963	1.0	-0.06381091509108014	1.0	-3.9958283851010736	1.0		0.0		0.0		0.0	-5.679824777750882	1.0	-5.268507598788105	1.0	-10.774748162435502	1.0	-3.7873104446263897	1.0	-1.5938428688874202	3.0		0.0		0.0	-8.34184761547341	1.0	-10.644917591481082	4.0	-7.357872341625044	1.0
samp_64	-6.094559609944198	4.300018446390764	-0.12214743483318995	-4.669226664808532	3.0	-10.597825110547026	1.0	-9.460983620228436	3.0	-5.256599694084257	1.0		0.0	-2.4007407401098972	1.0	-3.069355719281408	2.0		0.0		0.0	-4.110218732110741	1.0	-2.5561225396744898	2.0		0.0		0.0	-5.936622225269532	1.0	-5.498523252298368	2.0	-11.783280506311648	1.0	-3.9070685641424205	2.0		0.0		0.0	-4.040641052828859	1.0	-8.86506891028401	2.0		0.0		0.0
samp_65	-6.347006588723281	3.7030538631119567	0.05033465458162833	-4.571724749244875	1.0	-10.035708064603266	2.0		0.0	-5.111945447787368	2.0		0.0	-2.4089131000531507	1.0	-3.093360829720787	1.0		0.0		0.0	-4.038313671237793	2.0	-2.568762314729973	1.0	-4.035716754268334	1.0	-6.365589669462961	1.0	-5.750781918492361	2.0	-5.332421831702837	1.0		0.0		0.0	-1.5960753981219915	1.0		0.0	-3.9802217378245146	1.0	-8.525273549482757	3.0	-10.924025462225531	1.0	-7.542694597569597	2.0
samp_66	-6.175530183787482	3.838666691575765	-0.009007627022151837		0.0	-10.193103399918524	3.0	-9.140618698438775	1.0		0.0	-5.0052641441302566	3.0		0.0	-3.083530938447966	2.0		0.0	-0.06215315218622037	1.0	-4.05086536976386	1.0		0.0		0.0	-6.407601360471422	1.0		0.0		0.0	-11.423168589842733	4.0		0.0	-1.586803051450636	1.0	-8.002930457412198	3.0	-3.990364189646079	2.0		0.0		0.0	-7.623252526598194	1.0
samp_67	-7.014646301850638	3.2488977385146143	0.46683488640807	-4.606361354091957	1.0	-9.653046063156612	1.0	-8.871143320335788	1.0	-5.122800615111354	2.0	-4.9904515204396445	2.0		0.0		0.0	-4.855128294796255	1.0	-0.12410264207375042	1.0	-4.084769797078532	1.0		0.0		0.0		0.0		0.0	-5.332077798137833	1.0	-11.05320898798176	3.0	-3.8672376754596707	3.0		0.0		0.0	-4.03417039347651	2.0		0.0	-10.801532681991306	3.0	-7.44580966723677	1.0
samp_68	-6.657225211725158	3.77516372852389	0.041556456688653896	-4.589551115483101	2.0	-9.948297382496438	2.0	-9.015539286051366	3.0		0.0		0.0		0.0	-3.094970369813282	1.0	-4.860915018500809	3.0	-0.0658568537787465	1.0	-4.05337720242446	1.0		0.0	-4.049171480262674	2.0		0.0	-5.774468787109572	3.0		0.0	-11.264648636514398	1.0		0.0	-1.593954009509424	1.0		0.0	-3.993986719254201	1.0		0.0	-10.935747365106064	2.0		0.0
samp_69	-6.724926863437763	3.6852914297068877	0.0990066813343918		0.0	-9.876738099796272	2.0	-8.976351602887537	1.0		0.0	-4.992685035235467	1.0	-2.4193976550673666	1.0		0.0	-4.853784606546139	3.0		0.0	-4.053189171107991	2.0	-2.580370693825151	1.0	-4.051296253114678	1.0	-6.372792372333333	2.0		0.0		0.0	-11.212862834559406	2.0		0.0	-1.6036455558344933	1.0	-7.920574644171409	1.0		0.0	-8.500819419253682	2.0	-10.899473387655055	2.0	-7.5077190719732245	1.0
samp_70	-5.8988796756132444	3.8969797872644234	-0.028999968876429204		0.0	-10.33815907143636	2.0		0.0		0.0		0.0	-2.4019942837977015	3.0	-3.081722818737573	2.0	-4.879808970150761	1.0		0.0	-4.0594504657872035	1.0	-2.5602350570623837	1.0	-4.052363983729757	2.0	-6.438271367870626	1.0	-5.809789109345729	1.0	-5.383173718160954	2.0	-11.563260282306755	1.0		0.0	-1.5843567438047441	1.0	-8.06371873097485	1.0		0.0	-8.663536517643813	2.0		0.0	-7.7184925501590635	2.0
samp_71	-5.963907727331394	3.927179514273309	0.050245141570118		0.0	-10.4302145259057	4.0		0.0		0.0	-5.0716819236367	2.0		0.0		0.0		0.0		0.0	-4.100435463075411	3.0	-2.579598918048032	1.0	-4.0935317371119	1.0	-6.494167057047091	1.0	-5.863437172729219	2.0	-5.434873430456754	1.0	-11.639769373567026	1.0	-3.8890263715541304	2.0	-1.5943537395963543	2.0	-8.12947891922806	1.0		0.0		0.0	-11.175409819712758	1.0	-7.781683938812385	1.0
samp_72	-6.099056893454286	3.6026203708854045	0.1377640167444613	-4.581516970252168	1.0	-10.129412317810909	3.0	-9.085412081982584	1.0	-5.117364208008855	1.0	-4.983611383828982	2.0	-2.4258931458425748	2.0		0.0	-4.8449178392934185	1.0	-0.07495019333728181	1.0		0.0		0.0	-4.049240223891788	1.0		0.0		0.0		0.0		0.0	-3.8362334843497967	1.0	-1.6118453305127733	1.0	-7.9560595760876085	1.0	-3.9926486563416455	2.0	-8.547661552201712	2.0	-10.950727279298853	1.0	-7.5836934652398265	2.0
samp_73	-5.654906720336134	3.9893867675455703	0.005478742058173731		0.0	-10.548826167746077	1.0	-9.39610164100898	2.0	-5.216390312997563	4.0	-5.079169154101627	1.0	-2.4135174750678647	2.0		0.0		0.0	-0.06495424233139598	1.0		0.0	-2.572513016179353	1.0	-4.090779833270282	3.0	-6.52017034685455	2.0		0.0		0.0		0.0	-3.888863765110989	2.0	-1.588679636214721	2.0	-8.188658915118017	1.0		0.0		0.0		0.0	-7.899914704908559	1.0
samp_74	-6.407628115053298	3.639941736979209	0.15417856401703783	-4.600078800538043	1.0		0.0	-9.057117774445791	1.0	-5.13734894037987	1.0	-5.003893718020765	1.0	-2.4315742160130283	1.0	-3.12602861982289	2.0	-4.864999325149775	4.0		0.0	-4.06585039765278	3.0	-2.59388604977693	1.0		0.0	-6.387134364825727	1.0	-5.77369195322134	1.0	-5.355914026246951	1.0	-11.316202468414383	1.0	-3.8527418481955964	1.0		0.0		0.0		0.0	-8.545416214128853	1.0		0.0	-7.560023329736222	2.0
samp_75	-6.589959159944267	4.13546873669191	-0.0961982246275541		0.0	-10.232340781040909	1.0	-9.20625331088573	1.0	-5.203435149615778	3.0	-5.06933081896993	1.0	-2.398430162628186	2.0	-3.070452448234125	4.0		0.0		0.0		0.0		0.0		0.0		0.0	-5.865846916245865	2.0	-5.4381771408448625	1.0	-11.502562938190833	2.0	-3.879833328722139	2.0		0.0	-8.084209124884376	1.0	-4.018127904525865	1.0	-8.684476994175986	1.0	-11.135346358958365	1.0		0.0
samp_76	-7.359936065971212	3.9859008724831795	-0.05821796158291904	-4.60484315941745	1.0		0.0	-8.950412629886921	2.0	-5.1613066051655005	2.0	-5.028871726264307	4.0	-2.3985278126873735	2.0	-3.074098347558992	3.0	-4.8871570477439805	1.0		0.0	-4.063423695277667	1.0		0.0		0.0		0.0	-5.810537595563074	1.0		0.0	-11.143892687401687	1.0		0.0		0.0		0.0	-4.00017139199691	2.0		0.0	-10.923140621487809	3.0		0.0
samp_77	-5.84985529540137	4.2607831795450775	-0.03052207433150172		0.0	-10.730953509590305	2.0	-9.567203059193984	1.0		0.0	-5.156470484422367	1.0	-2.4143768356729303	1.0		0.0	-5.007822506842561	2.0	-0.06443079975039069	1.0		0.0	-2.571697456499442	3.0		0.0	-6.628819162583538	2.0	-5.977507618982491	1.0	-5.535475338279391	1.0	-11.927492080340357	1.0	-3.933046547307297	2.0	-1.5828075414727736	1.0	-8.327080593943561	2.0	-4.071903935326177	2.0		0.0		0.0		0.0
samp_78	-6.591477955292665	3.7730831939691214	0.13357581270467853	-4.633935250771701	2.0		0.0		0.0	-5.179361323601227	2.0	-5.045496927468862	1.0	-2.431711933747736	2.0		0.0		0.0		0.0	-4.093321841514766	1.0		0.0	-4.090167036204636	3.0	-6.437316485210591	2.0	-5.8214661376366195	1.0	-5.4015405483261	3.0	-11.371898434718595	2.0	-3.880358564098335	1.0		0.0	-8.005592221343138	1.0		0.0	-8.59650203358847	1.0		0.0	-7.599176978564092	1.0
samp_79	-6.594740136254092	4.051153772587417	-0.02863441137137873	-4.64167844657063	1.0	-10.211035837932537	1.0	-9.191721125346458	1.0	-5.205952637426325	1.0		0.0		0.0		0.0	-4.9281647419409245	2.0	-0.0625080737165155	1.0	-4.093006696067967	2.0	-2.5652149102008384	4.0	-4.082017616964877	1.0	-6.488154629342123	1.0	-5.863366504008465	1.0		0.0	-11.484789829978292	1.0	-3.8855890633482284	1.0	-1.5833211527183004	2.0	-8.074157865884985	1.0		0.0	-8.672831932562943	1.0	-11.120221863692725	1.0		0.0
samp_80	-6.7428415028378925	3.7491420252405843	0.09140559926345368	-4.60453428523175	1.0	-9.927537466907086	3.0	-9.014053615816541	1.0		0.0	-5.0142378080829895	2.0		0.0		0.0		0.0		0.0	-4.067678146046572	1.0	-2.581434327642887	1.0	-4.064487946539081	2.0	-6.3997523199396555	3.0		0.0		0.0	-11.263033759641903	1.0	-3.856397371357681	1.0	-1.6016079801791483	1.0	-7.951843909275448	1.0	-4.008759758736995	1.0	-8.534488719409001	1.0	-10.944600805607653	3.0		0.0
samp_81	-6.161842281223609	4.202493199401669	0.008395673564616565		0.0	-10.610281446329834	2.0	-9.473738305547853	3.0		0.0		0.0	-2.4187512723938376	2.0		0.0		0.0		0.0	-4.142810862101056	1.0	-2.576975279597506	1.0	-4.128539827533726	1.0	-6.600989710638382	2.0	-5.960258722763616	1.0	-5.5241649633294685	2.0		0.0	-3.933572147238084	2.0		0.0	-8.258007831653149	1.0	-4.074862621226144	1.0	-8.879536077095878	3.0	-11.34507178523969	1.0		0.0
samp_82	-6.413048318061834	3.708312752888757	0.15916002822112454	-4.6260569662516025	1.0		0.0	-9.114332882557273	2.0		0.0	-5.033932885953198	1.0	-2.4357662767278527	1.0		0.0		0.0		0.0	-4.087641756728215	2.0	-2.598343305838586	2.0	-4.086073870070247	3.0	-6.423812045175269	3.0	-5.807869427732729	1.0		0.0	-11.38526892507072	1.0	-3.8739633154750615	2.0		0.0	-8.0006979781942	2.0	-4.02947707435099	1.0		0.0		0.0	-7.60500130921976	1.0
samp_83	-6.300513657528463	3.7961639327007064	0.057764666738284294	-4.606883640704946	1.0	-10.166004879849822	2.0	-9.130680757852534	1.0		0.0		0.0	-2.415416873317806	2.0	-3.1027641119129714	1.0	-4.879425443735958	2.0		0.0		0.0	-2.5755916201875184	3.0		0.0	-6.417535120717597	2.0	-5.798367086882364	3.0	-5.376966641408167	1.0	-11.406196358724172	1.0	-3.8568714043640986	1.0		0.0		0.0	-4.007853637362207	1.0		0.0	-11.015195603267761	1.0	-7.615019124928742	1.0
samp_84	-6.869607371020494	3.7333816902527888	0.0832454989392806		0.0	-9.831395170922386	1.0	-8.968658240229196	3.0	-5.135951651421363	2.0		0.0	-2.417766025417472	1.0	-3.1061931383505987	1.0		0.0	-0.06935388339879486	1.0		0.0	-2.5784043059414827	1.0	-4.056350899247984	2.0	-6.3852023104954645	2.0	-5.774004908214589	1.0		0.0	-11.201035995370166	2.0	-3.848515044380182	1.0		0.0	-7.927716537038067	1.0	-4.000716095657421	1.0	-8.505224217735366	1.0	-10.907039367513848	2.0		0.0
samp_85	-5.567613560462189	3.698728874757667	0.11603649655794607	-4.611748342237909	1.0	-10.395445032739493	1.0	-9.256257604305755	2.0		0.0	-5.020642681148143	2.0		0.0		0.0	-4.879843268316493	1.0	-0.07313140951687758	3.0		0.0	-2.588308844608755	2.0	-4.070413066794546	1.0		0.0	-5.803977354072952	1.0	-5.377105275233364	1.0		0.0	-3.857907240758429	2.0	-1.6074750988387718	1.0		0.0	-4.01366403168184	1.0	-8.664525301189663	1.0		0.0	-7.786797348164592	3.0
samp_86	-7.520760116254347	3.737868018217769	0.07437403538249336	-4.589580955624393	1.0		0.0	-8.853024860621984	2.0	-5.129993552773871	1.0	-4.997959730013557	1.0		0.0	-3.1025677470210486	1.0	-4.858931699732988	2.0		0.0	-4.055395094338413	2.0		0.0		0.0	-6.373578743027734	2.0	-5.766160974747805	2.0	-5.3512379137052815	1.0		0.0		0.0	-1.598815252017394	1.0	-7.887141425494844	2.0	-3.9966614648473544	2.0	-8.446163553210534	1.0	-10.794326746501712	1.0	-7.455806035522727	1.0
samp_87	-6.262232050171414	4.09747440618622	-0.05064960512203634		0.0	-10.39310494393324	2.0	-9.301860486996313	2.0	-5.216546340652455	1.0	-5.081375674278056	3.0	-2.405480792000265	1.0	-3.082720632690297	2.0	-4.9368331163157775	2.0	-0.06159798394199691	1.0		0.0	-2.5628384684738936	1.0		0.0	-6.511188369549958	2.0	-5.879655233849236	1.0		0.0	-11.603325368894776	1.0	-3.889163988533569	1.0	-1.5809290203167847	1.0		0.0	-4.030506617633639	1.0		0.0	-11.186182695263687	1.0		0.0
samp_88	-6.587433450296014	3.7773872483240836	0.02351733384787858		0.0	-9.968138312501349	1.0	-9.01958546977141	4.0		0.0	-4.993315982168457	1.0	-2.406286954352752	1.0	-3.0891548846614025	1.0	-4.853517599287516	2.0	-0.06426508725070047	1.0		0.0	-2.5655684023999896	1.0		0.0	-6.381814198492223	1.0		0.0	-5.348743602570966	1.0	-11.269614783118428	1.0	-3.837258831238761	1.0	-1.5913073868281626	2.0	-7.94169986770065	2.0		0.0	-8.52708134683925	1.0	-10.931568339061869	1.0	-7.533666273027318	1.0
samp_89	-6.819914100205123	3.4614057930279922	0.11282005119604854		0.0	-9.61143414411704	2.0		0.0		0.0		0.0	-2.4088175197672594	3.0		0.0		0.0	-0.07172310030987389	2.0	-3.9913138346816623	2.0	-2.569218623534449	3.0		0.0	-6.268285024323605	1.0	-5.66447431894	1.0	-5.253151291670874	1.0	-10.977204700906054	2.0	-3.7808272974559305	1.0	-1.608332266709409	2.0		0.0		0.0		0.0	-10.712600602432639	2.0	-7.378275975339907	1.0
samp_90	-6.638989241987102	4.060000027463082	0.02396761069675557	-4.669023965820234	1.0	-10.257749980812457	1.0		0.0	-5.235030321990895	2.0	-5.100139337266157	1.0	-2.417423975487328	3.0		0.0	-4.956127940605929	1.0	-0.06610453277616017	2.0		0.0	-2.5763607857352864	1.0	-4.105953032209666	1.0		0.0		0.0	-5.466695530564823	1.0	-11.533459517920251	2.0	-3.9071634072018444	2.0	-1.5892037921197812	1.0		0.0		0.0	-8.708310075964244	3.0	-11.168072845452489	1.0		0.0
samp_91	-6.386324130142207	3.79987774714323	0.024998754829749215		0.0		0.0	-9.086166411721685	3.0	-5.137935104894644	1.0	-5.004552305574513	2.0		0.0	-3.0916755585346087	2.0		0.0		0.0	-4.05401169855983	2.0	-2.567399190221899	1.0		0.0	-6.399209437635556	2.0		0.0	-5.361202156737109	2.0	-11.35211570388886	1.0	-3.8445247108302163	1.0	-1.5915571722181072	1.0	-7.976228088465962	2.0		0.0	-8.568262750281276	1.0		0.0	-7.579946777054747	2.0
samp_92	-5.631950833956687	3.84266250781161	0.18050387255063868	-4.691757334363391	1.0	-10.584954036574706	2.0	-9.425962229571713	2.0	-5.248528824119127	3.0	-5.110472463973695	1.0		0.0		0.0	-4.9671437529954945	1.0		0.0	-4.139448963048864	1.0		0.0		0.0		0.0	-5.905609529050392	3.0		0.0		0.0	-3.9226726323237675	4.0	-1.6141037125305886	1.0		0.0	-4.078819127184119	2.0	-8.81576846130657	1.0		0.0	-7.9368588074336355	1.0
samp_93	-6.685225764815353	3.6155897601651015	0.08756532302539978	-4.557347385399818	1.0	-9.811735412019486	1.0		0.0	-5.091496420873133	1.0	-4.959253860217939	2.0		0.0	-3.0984293700930716	2.0	-4.821238633919786	2.0	-0.06939034527006	2.0		0.0	-2.573184692949797	2.0		0.0		0.0	-5.724474129128465	1.0	-5.309587647580029	2.0		0.0	-3.817386426508896	1.0	-1.6027063643672268	1.0	-7.876514195160327	1.0	-3.9713483694151512	1.0		0.0	-10.836944831292213	1.0	-7.465164606450987	2.0
samp_94	-6.356035936721098	4.009356446035911	-0.010010474986382106		0.0	-10.300881835206429	2.0		0.0		0.0	-5.067770920602277	1.0	-2.409709960112541	2.0	-3.0913315812864557	1.0	-4.924512439909596	1.0	-0.06352538255917567	2.0	-4.0922124611777	1.0	-2.568101376386749	3.0	-4.082506934647672	3.0	-6.485574384826739	2.0	-5.859094368320679	1.0		0.0	-11.529452431461866	1.0		0.0		0.0		0.0	-4.028408255358686	1.0	-8.692586296610068	1.0	-11.131813513381607	1.0		0.0
samp_95	-6.8400019516408	3.2616427292610433	0.2494497978363918	-4.5044181134068655	2.0	-9.541184842177245	2.0	-8.761904266568365	1.0		0.0		0.0		0.0		0.0		0.0		0.0		0.0		0.0	-3.993335306635073	3.0	-6.239694838350854	1.0	-5.639621119127225	1.0	-5.23071624919193	1.0	-10.909226868685208	2.0	-3.774546095362234	2.0	-1.6405560633777865	2.0	-7.757797395953606	1.0	-3.936133318004978	1.0		0.0	-10.658741934897892	2.0	-7.343485781163831	2.0
samp_96	-6.474469344283199	3.9724994510977734	0.07906655965508969		0.0		0.0	-9.248920435182331	2.0	-5.231600370929316	5.0		0.0	-2.426015773309372	1.0	-3.1172691183258316	1.0	-4.953311007574974	3.0		0.0	-4.120619268368969	1.0	-2.5864562141685465	1.0		0.0	-6.510689929733034	2.0		0.0	-5.460144326849883	2.0	-11.546558439607804	2.0	-3.9088268894549087	3.0		0.0		0.0		0.0		0.0		0.0		0.0
samp_97	-6.36448497885295	4.137920832920135	-0.11548961497267683	-4.626958349467806	1.0	-10.32244600169079	3.0	-9.25339487860544	1.0	-5.197553904337648	2.0		0.0		0.0		0.0	-4.918683613236325	2.0		0.0	-4.078196972432711	1.0	-2.5514233154094814	1.0	-4.064262063383215	1.0		0.0	-5.861560643475914	1.0	-5.432529645989638	1.0		0.0		0.0	-1.5740264863340307	4.0	-8.101189114928447	1.0	-4.012027054174225	1.0	-8.706915668630186	1.0	-11.150567544337687	2.0		0.0
samp_98	-6.317487124411913	4.059119218997493	-0.009139934977814148	-4.65566424408157	1.0	-10.373676923648947	2.0		0.0	-5.222239025297799	1.0		0.0	-2.41164373159694	3.0		0.0	-4.942864766111581	1.0	-0.06399097672718591	2.0	-4.104233578633367	1.0		0.0		0.0	-6.512248249426031	1.0	-5.882720601556251	1.0	-5.454096366379702	2.0	-11.589821683972838	1.0		0.0	-1.58570416166684	2.0	-8.126373373249272	2.0	-4.039412284599461	2.0		0.0	-11.181055054297298	1.0		0.0
samp_99	-6.632471144490487	3.7180870790546443	0.06524038241270777	-4.582091841347605	2.0	-9.925350796496737	1.0	-8.996096410863256	1.0		0.0	-4.9898983439543745	4.0	-2.412920758402642	1.0	-3.0991468476281234	2.0	-4.850687332382601	1.0	-0.06764398612319444	1.0	-4.047949765113393	1.0	-2.5731359778727243	1.0		0.0	-6.373378781793198	2.0	-5.7608472203623435	1.0		0.0	-11.239271910865709	2.0		0.0		0.0		0.0	-3.9895766225309743	1.0		0.0	-10.91086386025769	1.0	-7.518089316826981	1.0
