run	log_tbg	log_alphap	log_betap	b9E5_log_P	b9E5_weight	b9E8_log_P	b9E8_weight	b9F3_log_P	b9F3_weight	b9F4_log_P	b9F4_weight	b9F5_log_P	b9F5_weight	b9F6_log_P	b9F6_weight	b18F3_log_P	b18F3_weight	b18F8_log_P	b18F8_weight	b18F9_log_P	b18F9_weight	b18G1_log_P	b18G1_weight	b18G2_log_P	b18G2_weight	b18G6_log_P	b18G6_weight	b18G7_log_P	b18G7_weight	b18G9_log_P	b18G9_weight	b18H1_log_P	b18H1_weight	b18H3_log_P	b18H3_weight	b17E2_log_P	b17E2_weight
fit	-7.022816782613206	1.7255409369166042	-0.007317468418050279	-0.5519466291744751	1.0	-9.747156911701099	1.0	-8.844054072762141	1.0	-9.606393231098572	1.0	-9.038502132459065	1.0	-7.133316858079102	1.0	-6.313664654146297	1.0	-7.94998333950579	1.0	-3.1145676294708027	1.0	-7.329799664822093	1.0	-3.6220307186046345	1.0	-1.2244750493098473	1.0	-6.415563524563026	1.0	-5.135020233307101	1.0	-4.656620220715288	1.0	-3.6756052355988076	1.0	-5.523330350557421	1.0
samp_00	-20.24873630093264	1.3829507159732584	0.09541883896819112	-0.5499179950923558	2.0	-9.218559326448412	1.0	-8.532909546327081	2.0		0.0	-8.699363522209424	2.0	-6.977986018515139	1.0		0.0	-7.7186784049184425	2.0		0.0	-7.148679205255675	2.0	-3.515733808542907	1.0	-1.2235709328808146	1.0	-6.274277129642584	1.0	-5.013069142767893	1.0		0.0		0.0	-5.397225558746969	1.0
samp_01	-6.813921592587276	1.7462658750560305	-0.07816628201750371	-0.5194690353207553	2.0		0.0	-8.853174532301034	1.0	-9.657268020250834	2.0	-9.052109910149252	1.0		0.0	-6.292253713669897	1.0	-7.946097122849606	1.0		0.0		0.0	-3.5957382051871694	1.0	-1.189795641700472	2.0		0.0	-5.110641229575239	1.0		0.0	-3.6490553095091993	3.0	-5.4996450598651645	2.0
samp_02	-6.970414648859063	1.7531733632042075	0.22113617946378775	-0.67242664437799	1.0	-9.960181939575222	2.0		0.0	-9.83237454498535	1.0	-9.217610264081447	4.0		0.0	-6.447211498871908	1.0		0.0	-3.2414475318528218	3.0		0.0		0.0		0.0	-6.5497790013195525	1.0		0.0	-4.78581344627534	3.0		0.0	-5.654033354865821	1.0
samp_03	-7.230274147138198	1.556108076918223	0.11065478547137429		0.0	-9.641464599845229	3.0		0.0		0.0		0.0	-7.100242557246588	1.0	-6.2844238057098	2.0	-7.900296542298952	2.0	-3.098819142338164	2.0	-7.291089636671305	1.0	-3.60471870226059	1.0	-1.265098173895552	1.0		0.0	-5.110398510769439	1.0		0.0	-3.6590430180597897	2.0	-5.497347318191742	1.0
samp_04	-6.931363263856157	2.161648099649914	-0.1655945871644267	-0.5345921810817431	1.0	-9.993344423270624	3.0	-9.041193537642796	1.0	-9.868584943810378	1.0	-9.241749103992554	2.0	-7.283277786553786	1.0	-6.4566941205654445	1.0		0.0	-3.217968990460141	1.0		0.0	-3.7319342244401863	3.0	-1.185133112306376	1.0		0.0		0.0	-4.785477052412339	1.0	-3.783553484654308	1.0		0.0
samp_05	-7.085085690744458	2.0043113957491103	-0.22372894368723778	-0.49201248278117987	1.0	-9.769808305764071	1.0	-8.871559590869696	1.0	-9.62943512897276	1.0	-9.065442724504836	2.0	-7.163253909833436	1.0		0.0	-7.978688194862038	1.0	-3.1257304594530457	1.0		0.0		0.0	-1.1474985535542759	3.0	-6.444718385434124	1.0		0.0	-4.680852514952808	1.0		0.0	-5.550769322643845	3.0
samp_06	-7.209004243463312	1.8615298866940913	-0.0856345232604149	-0.5327204371581742	1.0		0.0		0.0		0.0	-9.039304829459173	2.0	-7.1570924550417425	1.0	-6.339021911757901	3.0	-7.96347471275963	1.0	-3.1339204290955087	2.0	-7.349919384843978	1.0	-3.6426860964245455	2.0	-1.1996124441607698	2.0		0.0		0.0	-4.681931248239945	1.0		0.0	-5.549378376847126	1.0
samp_07	-6.915944783854888	1.8108706063448798	0.021187323143219403	-0.5772869185197649	2.0	-9.872682634006807	1.0		0.0		0.0		0.0	-7.197319867014616	2.0	-6.374346758670041	2.0	-8.029911491239918	1.0	-3.165764729802079	2.0		0.0	-3.674849774403427	3.0	-1.2493026221514898	1.0	-6.476793447614574	1.0		0.0		0.0		0.0	-5.581325947358882	2.0
samp_08	-6.820540082919589	1.8050807126063624	-0.1444375156075534	-0.4966816162901977	1.0	-9.785484646809445	1.0		0.0	-9.648424814512955	1.0		0.0	-7.110602504087633	1.0	-6.287892037412561	2.0	-7.940724984991805	1.0		0.0	-7.3116586779135035	1.0	-3.588463956779342	1.0	-1.1634027664892739	2.0		0.0	-5.105786873860191	2.0	-4.626489056302001	1.0	-3.6413539926959455	2.0	-5.495064667493912	1.0
samp_09	-7.030292444256004	1.6327847824863193	0.02760015691801424	-0.5562810919891256	3.0	-9.703173148156594	1.0	-8.807210970096014	2.0	-9.560136083031441	2.0	-9.000808476046961	1.0	-7.102954105176545	1.0		0.0	-7.915960072856072	2.0		0.0		0.0	-3.597792917940375	1.0	-1.2305476443548053	1.0		0.0		0.0		0.0		0.0	-5.494903126579044	3.0
samp_10	-7.125712480869862	1.5206139380649866	0.16333729511109266	-0.6147299452432357	2.0	-9.686784939618851	3.0		0.0	-9.542282600321842	2.0	-8.997417041237444	1.0	-7.112324057346434	1.0	-6.2951445289480175	2.0		0.0	-3.1095660336685316	1.0	-7.305760126208436	1.0		0.0		0.0	-6.396673260190141	1.0	-5.120127797404792	1.0		0.0	-3.669894440891066	1.0	-5.507194639605743	1.0
samp_11	-6.832713957672099	1.5970870550649694	0.04731561266010524	-0.5614187524071316	1.0	-9.768663412801663	1.0		0.0		0.0		0.0	-7.101920902881964	1.0	-6.280358834276135	1.0	-7.92987258798071	2.0	-3.0855121814233284	1.0	-7.302381563035289	1.0	-3.591812815939837	1.0	-1.2360899034078099	1.0	-6.382580591935992	2.0	-5.1008155875510255	2.0	-4.622674852335591	1.0	-3.645938253242091	1.0	-5.489019665200029	1.0
samp_12	-7.250751482795973	1.8270717057129922	-0.24373578582637584		0.0	-9.578746561260644	1.0	-8.727102979957264	1.0	-9.429440144561504	1.0	-8.915275972800854	1.0		0.0	-6.2399796227535065	2.0	-7.85162304007521	1.0		0.0	-7.245018454434707	2.0	-3.5475753721656145	2.0	-1.116615576680582	2.0	-6.341235793137768	1.0	-5.063769073662848	1.0	-4.585591721518195	1.0		0.0	-5.451913962188807	1.0
samp_13	-7.184321031069893	1.9939499698545595	-0.3231421349079099		0.0	-9.658424102625768	3.0	-8.788345760760333	1.0	-9.512293779645542	1.0		0.0	-7.102815838617998	2.0	-6.284627479676133	1.0	-7.906003758305436	1.0		0.0	-7.294318115217604	2.0	-3.5807957355376416	1.0	-1.101016215874485	2.0		0.0	-5.105030683594319	1.0	-4.625511507132891	1.0	-3.632170303812842	1.0		0.0
samp_14	-7.236703380974637	1.7103976072705909	0.07364512564164204	-0.5914575660976669	1.0	-9.721430013131998	1.0	-8.8488495939817	3.0	-9.577200363430183	1.0	-9.039553505861097	3.0		0.0		0.0	-7.965688546569818	1.0		0.0		0.0	-3.6560671280609656	1.0		0.0		0.0		0.0	-4.689514999333107	2.0	-3.709906361081482	3.0	-5.5551690663598245	1.0
samp_15	-6.716704983199471	1.709858817452369	0.14680966500982678		0.0	-9.979318239922712	1.0		0.0	-9.85781017228909	1.0		0.0		0.0	-6.393116072948199	1.0		0.0	-3.185417806626203	4.0		0.0	-3.6938978838441727	1.0	-1.306345575464232	1.0	-6.496264187099285	3.0	-5.207972646389416	1.0	-4.72834977131438	2.0		0.0	-5.597523307759726	2.0
samp_16	-6.645466889931632	1.784375157551098	-0.17606195669292712		0.0		0.0	-8.852663718103308	1.0		0.0		0.0		0.0	-6.265341906475872	2.0		0.0	-3.0565156820163155	1.0	-7.296396205002254	3.0	-3.563561595878065	1.0	-1.144618346841349	2.0	-6.368151937542492	3.0	-5.080941184341974	2.0	-4.601311698060884	1.0		0.0	-5.470654618413391	1.0
samp_17	-7.534739033506444	1.362472452238843	0.1094159705161615	-0.55442604844315	2.0	-9.43580082773599	1.0	-8.630600079728815	1.0	-9.28254974728007	1.0	-8.812948935630745	1.0		0.0	-6.182101263882288	1.0	-7.772093639106689	3.0		0.0		0.0	-3.5140102173597305	1.0	-1.2275879948829467	1.0	-6.282651721566182	3.0	-5.0131915039789146	1.0		0.0	-3.5687922035900352	1.0		0.0
samp_18	-6.845841395061332	1.7187544811275546	0.13400288573986613	-0.6239696314108499	2.0	-9.917921046643164	1.0		0.0	-9.78980593647298	2.0	-9.165628818278535	3.0	-7.2116004167986745	1.0		0.0	-8.052399469715619	1.0	-3.1827093993399798	2.0		0.0		0.0		0.0	-6.490081817501949	2.0	-5.2047303670477465	1.0	-4.72554836912345	1.0	-3.745216143431912	1.0		0.0
samp_19	-7.38484921004897	1.6037338339771754	-0.0010208469597644293	-0.5359994614674646	1.0	-9.55480314995632	1.0		0.0		0.0	-8.907041063116305	1.0	-7.063148808752597	1.0		0.0	-7.852394620589189	2.0		0.0	-7.250189355649277	1.0	-3.5696293299293504	1.0	-1.210097461434795	1.0	-6.3502307120196315	2.0	-5.076647262489309	1.0	-4.599814550422878	1.0	-3.623497852280101	3.0	-5.463445330709433	1.0
samp_20	-7.889453671786983	1.59921139744089	0.018292062171806657	-0.5456618971905367	2.0	-9.458368273970779	1.0	-8.680281590737073	1.0		0.0	-8.859036021759406	1.0		0.0	-6.251649543230177	4.0	-7.831752736850811	1.0		0.0		0.0		0.0	-1.2199866153325765	1.0	-6.351965249433492	1.0	-5.082603569167902	1.0	-4.60646300513329	2.0	-3.6308835685560465	1.0	-5.46864105072988	1.0
samp_21	-6.983171682915882	-12.46572676256346	14.101825187773928		0.0		0.0		0.0	-9.56068986108903	3.0	-8.995359760882083	3.0	-7.093518352621669	1.0	-6.277835734203604	2.0	-7.908445185621879	1.0		0.0		0.0	-3.643152241465345	1.0		0.0	-6.379311850196192	3.0	-5.110416889425163	2.0		0.0		0.0	-5.493653913083356	1.0
samp_22	-7.026321210870214	2.244822292681956	-0.354213374767483		0.0	-9.873294546157803	2.0		0.0	-9.739154800030704	1.0	-9.148669071078524	2.0	-7.222754917183197	2.0	-6.398811472794886	1.0		0.0	-3.1590537217691343	1.0		0.0	-3.6713515509846593	1.0	-1.112312991609133	2.0	-6.501289671702035	1.0	-5.21135035193774	2.0	-4.728818785395586	1.0		0.0	-5.603239111599183	1.0
samp_23	-7.551215442648276	2.459406253002546	-0.6321947696634584		0.0	-9.662149221835536	1.0	-8.831198692454938	2.0		0.0	-9.016744559860667	1.0	-7.1729244085112835	3.0	-6.354929519607282	1.0		0.0		0.0		0.0		0.0		0.0	-6.456335084774106	1.0	-5.169936821395304	2.0	-4.686812749278015	1.0	-3.6659885755817103	3.0	-5.5623770202046305	2.0
samp_24	-7.253677859237802	1.7040536229359222	0.07378839585137377	-0.5907619475106098	4.0	-9.711693985056629	1.0		0.0		0.0	-9.032779565896586	1.0	-7.157097993862009	1.0	-6.3402046024207115	1.0	-7.960591367119095	1.0		0.0		0.0	-3.653281539071039	1.0		0.0		0.0	-5.164310500184314	2.0	-4.686475444874136	3.0	-3.7071168646327215	1.0	-5.5519608339309885	1.0
samp_25	-6.658965745144603	2.5129422009219704	-0.29159742708728476	-0.5258627373917841	1.0	-10.305123311213695	1.0	-9.272206991018969	3.0	-10.213176495532794	1.0	-9.482218974046996	2.0	-7.421111182557389	1.0		0.0		0.0	-3.289467857406866	3.0		0.0		0.0	-1.1481262591874613	2.0		0.0		0.0	-4.8873243606851435	2.0	-3.860496811782842	1.0		0.0
samp_26	-7.687181957083184	-14.22487470187217	15.838355074814503		0.0	-9.492917075885794	1.0		0.0		0.0	-8.876689234151526	3.0		0.0	-6.256372892760431	1.0	-7.840768403795699	2.0	-3.138924845489805	3.0	-7.247766252099176	2.0	-3.630850797819721	1.0		0.0	-6.356574027914345	3.0		0.0	-4.624694629492424	1.0		0.0		0.0
samp_27	-7.888982767475673	1.658924610669406	-0.02781247282000702	-0.5309051843047985	1.0	-9.46670576778844	1.0		0.0		0.0	-8.866645388849445	3.0		0.0	-6.258229514446535	2.0	-7.838905856301338	2.0	-3.0746616389450967	2.0		0.0		0.0	-1.2039490475785644	2.0	-6.3585880667765675	1.0		0.0		0.0		0.0	-5.47487682971774	3.0
samp_28	-6.548576766154823	1.5939066712375025	0.06091248196263942	-0.5684506193245992	2.0		0.0	-8.906620318556653	1.0	-9.784791345133089	1.0		0.0	-7.120671773145638	1.0	-6.293383057484929	1.0	-7.978407813617663	1.0	-3.0912354848257255	1.0	-7.331623698547881	2.0	-3.5977937161278266	1.0	-1.2433174741478217	1.0	-6.396585379735834	1.0	-5.1084864778971335	1.0		0.0	-3.6520481761076	2.0	-5.497788914926259	1.0
samp_29	-6.9116138768946795	2.097628511553131	-0.025626224965262585	-0.5836748922551669	2.0	-10.062761153590506	1.0	-9.09737599726887	1.0		0.0	-9.299631978413682	2.0		0.0		0.0		0.0	-3.2614944127530063	5.0	-7.5334280195139804	1.0	-3.775941416118565	2.0	-1.245065120741298	1.0		0.0	-5.308413541234761	1.0	-4.8261998677990725	1.0		0.0		0.0
samp_30	-7.29109617258061	1.283484376892738	0.20153466136569995	-0.5956101884012618	2.0	-9.502943446633985	1.0	-8.665193600475924	1.0	-9.351188830846047	2.0	-8.851681070813038	1.0		0.0	-6.191907401648991	2.0	-7.795032683783758	2.0		0.0	-7.1925627682541595	1.0		0.0		0.0	-6.292808120964259	1.0	-5.021571202573221	2.0		0.0	-3.5791789979056623	1.0	-5.4072856394025335	1.0
samp_31	-6.779422993526661	-14.329238897184426	16.058411794598637		0.0	-9.853927115034335	1.0		0.0	-9.722022601941442	1.0		0.0	-7.150612720629243	1.0		0.0		0.0	-3.2000497710947315	1.0	-7.355521068941004	2.0	-3.6913135975147373	3.0		0.0	-6.4327212756945755	1.0	-5.159076618771194	1.0	-4.685909720661935	3.0	-3.750024857958598	1.0	-5.543074082419539	2.0
samp_32	-7.974925669038416	-11.007770134544073	12.62716670158401		0.0	-9.446130669850215	1.0	-8.675468966484093	1.0		0.0	-8.853206268398631	1.0	-7.0629557729106445	2.0	-6.256949047133366	2.0	-7.8305210104282414	1.0		0.0	-7.243416713509361	1.0		0.0		0.0	-6.356859226740158	1.0	-5.098209144245351	2.0	-4.627269558524027	1.0	-3.692398702360581	2.0	-5.479633863571984	2.0
samp_33	-7.522698477370244	1.5835578604964515	0.007983892886288054	-0.5374080352415982	1.0	-9.513920073867839	3.0		0.0	-9.362182078972692	1.0	-8.882546539706802	2.0	-7.054480066923962	1.0	-6.242019695699357	1.0	-7.837100555161936	1.0		0.0	-7.239262808275498	2.0	-3.5648629916010037	2.0	-1.2117584487266806	1.0		0.0	-5.070787815376352	1.0		0.0	-3.6187998937471533	1.0		0.0
samp_34	-7.6710571319119385	1.9380533413724237	-0.16246456040475726	-0.5085635143537074	1.0		0.0	-8.788311683416662	2.0		0.0	-8.971333219368711	2.0	-7.145379417380025	3.0		0.0	-7.927368015046205	1.0	-3.1279391362331923	1.0	-7.3297294194992295	1.0		0.0	-1.169604828446652	2.0	-6.432762439549555	1.0	-5.157159063856443	1.0	-4.678663819191168	1.0		0.0	-5.545277924756763	1.0
samp_35	-7.367688556303962	-13.328962068167035	15.09899316095347		0.0	-9.672534166327164	1.0	-8.821871235897204	2.0		0.0	-9.009771204727672	1.0	-7.151677818204204	2.0		0.0	-7.947722979174139	1.0	-3.220963124994538	1.0	-7.34191821682415	1.0	-3.711496028352068	1.0		0.0		0.0	-5.176244476723338	2.0	-4.70463421766953	3.0	-3.770026531311331	1.0	-5.558609329506345	1.0
samp_36	-7.113014784821964	1.759296259692494	-0.05541666996794704		0.0	-9.705057453482613	2.0		0.0		0.0	-9.012001713361913	1.0	-7.122715399983517	2.0	-6.30436522917591	1.0	-7.932071273800088	3.0	-3.1051435395324707	1.0	-7.31662907936228	1.0	-3.6126715901998008	2.0	-1.2032981495672739	1.0		0.0		0.0	-4.648315472084975	1.0	-3.665967805234577	2.0		0.0
samp_37	-6.211673686768988	1.7753822456109676	0.03016757063466918	-0.5777738511161455	3.0		0.0	-9.110858807082504	2.0		0.0		0.0	-7.224685750173409	1.0	-6.384993200053396	1.0	-8.147707331475527	3.0	-3.1559440192645134	2.0	-7.459392967540171	1.0		0.0	-1.2507528379653392	1.0		0.0		0.0	-4.70425052211211	2.0	-3.719094004005804	1.0		0.0
samp_38	-6.57213444730501	1.7805906062578691	0.09854682241667577	-0.6123684576048498	3.0		0.0		0.0	-9.957221588203463	3.0	-9.258499079854325	2.0	-7.2401117371920405	1.0	-6.409213263232012	1.0	-8.115175957377154	1.0	-3.1919377007837655	2.0		0.0	-3.701408255046433	1.0		0.0		0.0	-5.219691963119594	2.0		0.0		0.0	-5.6103433148346324	1.0
samp_39	-6.694226726089445	1.7261176183415703	0.0715286801311264	-0.592453698701251	1.0		0.0	-8.964028003247808	3.0	-9.820490186711424	1.0		0.0		0.0	-6.362865208243592	1.0	-8.042095110958863	1.0	-3.154647106732625	3.0	-7.398590370936393	1.0	-3.6629276955514922	1.0	-1.2670699901989708	1.0		0.0	-5.177830184503082	3.0		0.0		0.0	-5.5674396387349345	1.0
samp_40	-6.768045983958481	1.9318900856123018	-0.031360878173735396	-0.5662106302126588	2.0	-9.989516785209327	1.0	-9.014936156130803	2.0	-9.868023930146109	3.0	-9.217893501418942	2.0		0.0		0.0		0.0	-3.1909063914400417	2.0		0.0		0.0	-1.2332373929871685	1.0	-6.51633047136531	1.0	-5.225833741563177	2.0		0.0		0.0	-5.616491055268763	1.0
samp_41	-7.360167425175242	2.099094880974153	-0.14188462607091704	-0.5371340792235821	2.0		0.0	-8.935700858627023	1.0		0.0	-9.126392706797672	3.0	-7.246676582997043	2.0		0.0		0.0	-3.204294776345372	2.0		0.0	-3.7168985592064616	2.0	-1.1920124464365631	2.0	-6.529539962844729	2.0		0.0		0.0	-3.7687514862392923	1.0		0.0
samp_42	-6.917533110961535	1.8036053341878828	0.08904864559879734	-0.609833657936096	2.0	-9.918315007119292	2.0	-8.975791934153207	1.0	-9.788994389798722	1.0		0.0	-7.229495746855335	1.0		0.0		0.0	-3.1966462933890036	1.0		0.0	-3.706132273791551	3.0		0.0	-6.508378289634929	1.0	-5.223009315758781	1.0	-4.743464923628608	2.0		0.0	-5.612324686163142	2.0
samp_43	-6.843206344299559	1.2659002086400681	0.5348744730220847	-0.8066714559715702	1.0	-9.879525379722267	1.0		0.0		0.0	-9.13173010143529	1.0		0.0	-6.362480645346725	3.0	-8.02184728516703	2.0	-3.1827940209506136	5.0		0.0		0.0		0.0	-6.464898960385736	1.0	-5.184311223622745	1.0	-4.70734461925636	1.0		0.0	-5.571469446402648	1.0
samp_44	-7.46248277945826	1.0933287984511397	0.3239235536720841	-0.6334474039297143	1.0	-9.417827642179171	2.0	-8.607519817019925	1.0	-9.26408996597447	3.0	-8.79056965627077	1.0		0.0		0.0	-7.747182274189177	3.0		0.0	-7.151144914176861	1.0		0.0		0.0	-6.256604469084099	1.0	-4.988567629023895	1.0		0.0	-3.551681861368276	3.0		0.0
samp_45	-6.400467484648725	2.2699498797591713	-0.21206864605227307	-0.5288403944063316	1.0	-10.309815073905657	1.0		0.0	-10.222955519557122	3.0		0.0		0.0	-6.507671594585353	2.0	-8.272855188399811	1.0	-3.238290296576216	5.0		0.0		0.0	-1.1708303215657239	3.0		0.0		0.0	-4.8163499639896905	1.0		0.0		0.0
samp_46	-6.8327619616075435	1.9748354856345827	-0.3389888006138407		0.0	-9.76239602177457	1.0	-8.828935333674345	2.0	-9.623687016872442	4.0		0.0		0.0		0.0	-7.924255849229119	1.0		0.0		0.0	-3.5650350505225132	1.0	-1.091585996697816	3.0	-6.376033665517707	2.0	-5.089830631190742	1.0		0.0		0.0	-5.480014368670093	2.0
samp_47	-8.242595524740574	1.4817908738838719	0.15039368370618947	-0.6010014118319695	2.0	-9.417132192533044	2.0	-8.665330543198955	1.0		0.0	-8.840650338742007	3.0		0.0	-6.257249876176353	3.0		0.0		0.0	-7.242666657581841	1.0	-3.5900116965687214	1.0		0.0	-6.357257985057663	1.0		0.0	-4.615589916973774	1.0	-3.6445243001663163	2.0		0.0
samp_48	-6.058558923813743	1.766085000070553	-0.03269541011220903	-0.5454252840487537	1.0		0.0	-9.116442038696372	1.0		0.0		0.0	-7.197229493510526	3.0	-6.354004773295334	2.0	-8.139508502929894	2.0	-3.120762895931547	1.0	-7.439021835795632	3.0		0.0	-1.216657527250361	1.0		0.0	-5.152089646314184	1.0	-4.669069975915334	1.0		0.0	-5.545351213646256	1.0
samp_49	-7.828776074470382	-13.867663351064552	15.37457158152214		0.0	-9.401861573176308	1.0	-8.624707403870179	3.0		0.0		0.0	-7.007670781945175	1.0	-6.2011501222445276	1.0	-7.777205845418585	4.0	-3.082883359734335	1.0	-7.188787206518842	1.0		0.0		0.0	-6.301134866513695	1.0	-5.041769235232194	2.0		0.0	-3.634768680482954	1.0	-5.423391515224419	1.0
samp_50	-8.661262900655428	1.4956647972209998	0.04552813992714761	-0.542567982172171	2.0		0.0	-8.598894206981022	3.0		0.0		0.0		0.0		0.0	-7.76914581162317	1.0	-3.0383053419746826	1.0	-7.190534261130179	2.0	-3.54299528646372	1.0	-1.2172810299078642	2.0	-6.309209729298996	2.0		0.0		0.0	-3.597206364393208	2.0	-5.429347703830096	1.0
samp_51	-7.821354354321652	2.051139822816404	-0.359279699296903		0.0	-9.515907823976246	1.0	-8.726730385146812	1.0		0.0	-8.906926004709613	2.0	-7.099546893202466	1.0		0.0	-7.87374268673705	1.0		0.0		0.0		0.0	-1.0915775289429062	2.0	-6.387705998299706	3.0	-5.111998458847178	1.0	-4.6330889195783	2.0	-3.6375945267697896	1.0	-5.500607558656478	2.0
samp_52	-6.762514893284972	1.74289945147686	0.07987473974378663	-0.5987262600821762	1.0	-9.931923014734574	1.0	-8.964413901455028	1.0	-9.806008717703868	3.0	-9.166480553017923	1.0	-7.199443988702342	1.0	-6.373913803016457	2.0		0.0		0.0		0.0	-3.6745887206006147	2.0		0.0	-6.476814052275024	1.0		0.0	-4.7101977036993175	2.0	-3.728459532596686	1.0	-5.579210276680753	1.0
samp_53	-7.1334766042788065	1.6474167426200528	-0.04183878405277324	-0.5216889459692423	1.0	-9.629812493226975	1.0	-8.757306889041704	1.0	-9.482859678529447	2.0	-8.948054374385912	1.0	-7.071130555559131	1.0		0.0		0.0		0.0	-7.262989316027131	2.0		0.0	-1.1947298222275102	1.0	-6.355655180179757	3.0		0.0	-4.6010476130386575	1.0	-3.622735610547529	2.0	-5.466105088278029	1.0
samp_54	-6.661497828655579	2.0604441010126147	-0.24498217451699628		0.0		0.0	-8.983852575126066	1.0	-9.852712964653545	2.0	-9.18848043574751	1.0	-7.199939730940223	2.0	-6.37095043060321	1.0		0.0	-3.1387645817560097	1.0	-7.410717291775124	2.0		0.0	-1.1432520954410847	1.0		0.0	-5.180674445275914	2.0	-4.698644387976899	2.0	-3.701127093614843	2.0		0.0
samp_55	-7.33189239006359	1.5838892882499687	0.20832472766978888	-0.6488619473262369	1.0	-9.698122011701388	1.0	-8.83971556056142	1.0		0.0	-9.0286436256238	2.0	-7.162543960313665	2.0		0.0	-7.961868378983404	1.0	-3.1605131379619693	1.0	-7.353173759743032	1.0	-3.667072860437146	1.0		0.0	-6.448200245287844	2.0		0.0	-4.695990672964378	3.0		0.0	-5.559961625935674	1.0
samp_56	-7.218146076905816	1.8344370730832111	-0.050723190807576035		0.0	-9.727092665430723	1.0		0.0		0.0	-9.042561819710041	1.0	-7.160952917880546	1.0	-6.343048958575926	1.0		0.0	-3.1397292786863167	2.0	-7.353720773584989	2.0		0.0	-1.214445211416404	1.0		0.0	-5.165203051648065	1.0	-4.686527034603909	3.0	-3.7014649015869687	2.0	-5.55363060982339	2.0
samp_57	-7.060367870490397	2.1895527738207297	-0.24887622972310947		0.0	-9.898554269048526	2.0		0.0		0.0	-9.17434180785619	2.0	-7.248107361328146	2.0		0.0	-8.075076316043159	1.0	-3.188241272739186	3.0		0.0	-3.7013379417766563	1.0	-1.151248884007926	2.0	-6.52692790328369	1.0	-5.238046289440132	1.0		0.0	-3.752377123021777	1.0	-5.629462234004097	1.0
samp_58	-7.212645018174113	1.687346319864335	-0.037724348668694556	-0.5304815299988203	1.0	-9.63505309156669	2.0	-8.77163458688449	1.0	-9.48789119344155	2.0	-8.961225418991642	2.0	-7.091632005238832	1.0	-6.275260385904929	1.0	-7.892050472196101	1.0		0.0	-7.282478928046518	1.0	-3.589160761034452	2.0	-1.2029167856974667	1.0	-6.376617055850126	1.0		0.0		0.0		0.0	-5.487414881833821	1.0
samp_59	-4.990555981552051	2.156951938648056	-0.37353971595302343		0.0		0.0		0.0		0.0		0.0	-7.380028464418973	1.0	-6.47988528221533	2.0	-8.680094802062087	1.0		0.0	-7.771936994320383	3.0	-3.634790321114251	1.0	-1.099125201022909	1.0	-6.598927610536131	2.0	-5.2016163709566134	2.0		0.0	-3.6866597451182654	1.0	-5.6123323157565785	3.0
samp_60	-7.781516285232947	1.43527328236139	0.19699789308106355	-0.6210030934526263	2.0		0.0	-8.697235144643217	1.0		0.0	-8.877402857528724	1.0	-7.070916702376408	2.0	-6.260786966231468	2.0	-7.844830192791442	1.0	-3.087666516052059	1.0	-7.252875357929451	2.0		0.0		0.0	-6.361183126303271	2.0	-5.092542644326858	1.0	-4.616996529417337	1.0		0.0	-5.478043560156001	1.0
samp_61	-5.861784095133038	1.8995836451270498	0.03308556782298521	-0.5929018475788393	2.0		0.0		0.0	-10.607324810872205	1.0		0.0	-7.3312966684962095	1.0	-6.474303162914057	1.0	-8.351197158574823	1.0	-3.2112056498417934	4.0	-7.60379402029389	2.0	-3.7234575493718913	2.0	-1.2638786899611625	1.0		0.0		0.0	-4.769732606843586	1.0		0.0	-5.65335290436038	1.0
samp_62	-7.600218908433598	1.518950691642733	0.023460776467019398	-0.5343934808073614	1.0	-9.465901969827158	2.0	-8.663530017969986	2.0	-9.313186149054873	1.0	-8.845462956147584	1.0		0.0	-6.216548589652022	1.0	-7.806101201973115	2.0		0.0	-7.211225522818222	1.0	-3.5429936452636404	1.0	-1.209167627139382	1.0	-6.317121829545856	1.0	-5.046633867061455	1.0	-4.570557610483234	1.0	-3.597145528178157	1.0		0.0
samp_63	-7.0460682958715894	1.8296956927610335	-0.030601087454465912		0.0		0.0	-8.890232227394057	3.0	-9.659080820308958	1.0	-9.08520261409395	2.0		0.0		0.0		0.0	-3.1478485991313114	2.0	-7.3721408257771674	2.0	-3.6567178623022696	1.0	-1.2243088840119314	1.0	-6.4562771929100915	1.0	-5.17408715659335	1.0	-4.694982224451505	2.0		0.0	-5.562975618610346	1.0
samp_64	-5.941260475931195	-13.604007642785115	15.242671548765337		0.0		0.0		0.0	-10.27590459966984	1.0		0.0		0.0	-6.315184097326373	2.0	-8.109267400893753	3.0	-3.1538405922493307	1.0	-7.4028919886449485	1.0	-3.646928713625737	2.0		0.0	-6.421168338166074	1.0	-5.122757144182319	3.0	-4.645397146855929	1.0	-3.706073659108045	1.0	-5.511178106622676	1.0
samp_65	-6.06724928082416	1.4589397944330258	0.19023339340485326	-0.621366654445625	2.0		0.0		0.0	-10.144800408338149	1.0		0.0	-7.150112391259408	1.0		0.0	-8.079462304934736	2.0	-3.0965719586434215	1.0	-7.387053089493412	2.0		0.0		0.0	-6.415462591553116	2.0	-5.113254240954902	2.0	-4.632202835983761	1.0		0.0	-5.50471813083856	3.0
samp_66	-6.580426707838322	2.117622310626182	-0.27209859123679536		0.0		0.0	-9.025295977827266	1.0	-9.923592823796906	1.0		0.0	-7.220557875120786	2.0	-6.388879792450275	1.0		0.0	-3.148837615556077	2.0	-7.435846866195121	1.0		0.0	-1.136340991648666	2.0	-6.49272668538495	1.0	-5.1954747247955115	1.0	-4.7125333255853175	1.0	-3.7116546104472983	2.0	-5.588088138967086	2.0
samp_67	-6.535247221175901	-14.010512507547435	15.873137855654628		0.0		0.0		0.0	-9.965285883567958	1.0		0.0	-7.235287194311087	3.0		0.0		0.0	-3.2699835169999703	3.0		0.0	-3.760350892638718	1.0		0.0	-6.511234892804571	2.0	-5.22933397560331	1.0	-4.755044390458182	2.0	-3.818974834188228	2.0	-5.614719190576053	2.0
samp_68	-6.668744282175377	-13.630062492431707	15.365165403243578		0.0	-9.909991666269937	1.0		0.0	-9.783014087464895	6.0	-9.1328083316032	1.0		0.0	-6.336592347920366	1.0		0.0	-3.2032326517527436	2.0		0.0	-3.694562513059991	1.0		0.0	-6.439222018030021	2.0		0.0		0.0	-3.7532947643599726	2.0	-5.5474499865452565	1.0
samp_69	-7.8638649735208475	1.9018012581808528	-0.27254173998302234		0.0	-9.46975258412523	1.0	-8.688599496014639	2.0	-9.316819526428175	1.0	-8.86776823703942	3.0		0.0	-6.2560238657514935	1.0		0.0		0.0		0.0	-3.5655591545482648	1.0	-1.1128251663828719	1.0	-6.356526132663633	5.0	-5.083473600107173	1.0		0.0	-3.617435416995062	1.0		0.0
samp_70	-7.320567045108671	1.854522608615358	-0.12887486798888043	-0.5116173369794198	1.0	-9.655117331604128	1.0		0.0		0.0	-8.989772738899724	1.0	-7.127795888305716	2.0	-6.311511484620978	1.0	-7.925105204205552	1.0	-3.1094490311798606	1.0	-7.31746526014916	1.0	-3.6175976106717074	1.0	-1.1771516882781667	2.0		0.0		0.0		0.0	-3.6702988992729173	2.0	-5.523172718401955	3.0
samp_71	-7.203642290887726	1.326734734935292	0.32891435703286603	-0.6843448698999814	1.0		0.0	-8.776681795153541	2.0	-9.49522201489547	1.0	-8.966495651283303	3.0		0.0		0.0	-7.896678841163121	3.0	-3.1052533060127714	1.0	-7.2868990936858085	1.0	-3.609442112003161	2.0		0.0		0.0		0.0	-4.631725670238787	1.0	-3.664770150428601	2.0		0.0
samp_72	-6.400351425458118	1.9602646085182314	-0.3044490445951034		0.0		0.0		0.0	-9.878323299126258	1.0	-9.15907538844101	1.0	-7.128994794618796	2.0		0.0	-8.005747194021776	4.0		0.0	-7.346367727722359	1.0	-3.5769445890747136	1.0	-1.1057714493180077	2.0	-6.400621685132791	1.0		0.0	-4.622286997984014	1.0	-3.6287308162934524	2.0	-5.496055102113391	1.0
samp_73	-6.785765826855812	1.520488328666833	0.21044991954576642	-0.6420335641528234	1.0		0.0		0.0	-9.720117011008806	2.0	-9.099686590426662	3.0	-7.149787762794982	2.0	-6.3266625368851015	1.0	-7.987751950614193	3.0	-3.133667328268752	1.0		0.0		0.0		0.0	-6.4291875961378935	1.0	-5.146196718355433	1.0	-4.668088382114094	1.0		0.0	-5.534373764759337	1.0
samp_74	-6.737990238534755	2.215783458005943	-0.2956686325067602		0.0		0.0	-9.035396259123889	1.0	-9.900116526615555	1.0	-9.239378784035306	2.0	-7.251893586452716	1.0		0.0	-8.110087522705104	1.0	-3.176209145792084	2.0		0.0	-3.6892794366780453	1.0	-1.1338120034873345	2.0	-6.5255768326249655	1.0		0.0	-4.746106938105457	2.0	-3.740034995856004	1.0	-5.622323034600018	2.0
samp_75	-6.981339836755729	1.6255186845512744	-0.01478583976070907	-0.5323791481042149	1.0	-9.686031166396468	1.0		0.0	-9.542315813224752	2.0	-8.979659974454378	1.0		0.0	-6.259712825829891	2.0		0.0		0.0	-7.274252381058819	2.0	-3.57302478069045	1.0	-1.2061182908311232	1.0		0.0	-5.082353640109704	1.0	-4.604557651745712	1.0	-3.6268590385815815	2.0	-5.4701874353916375	2.0
samp_76	-6.691281791431916	2.337101645279589	-0.45762555869752713		0.0		0.0	-9.019358723493532	1.0	-9.890329117332467	2.0	-9.22400868378369	1.0	-7.23204379980635	2.0	-6.4010710973215765	1.0		0.0		0.0		0.0	-3.6579285978026848	1.0	-1.080516305255937	2.0	-6.5047063933255	1.0	-5.205790485432359	1.0	-4.721269761330906	1.0	-3.7071291407579054	4.0		0.0
samp_77	-7.465932394400438	1.5553713741999402	0.17081400792494633	-0.6239366440365149	2.0	-9.61596013431479	2.0	-8.782979137701453	1.0		0.0	-8.968713881139111	2.0	-7.125016953579148	2.0		0.0	-7.914539237946016	1.0	-3.12874829145985	1.0	-7.312267926914606	2.0	-3.634764601908486	2.0		0.0		0.0	-5.13944181456771	1.0		0.0		0.0	-5.525938708584324	1.0
samp_78	-7.7909211493231405	1.4897085002032686	0.06823720336937773	-0.5546326941387534	3.0	-9.438958238848894	2.0	-8.65528598166932	3.0	-9.285802960540874	1.0	-8.834793939821811	1.0		0.0	-6.222802622554123	1.0	-7.804721315014992	1.0		0.0	-7.2139818984359225	1.0		0.0	-1.2292644296114759	1.0		0.0	-5.054321440420282	1.0	-4.578587963715847	1.0		0.0	-5.4400212041300495	1.0
samp_79	-6.974693043941695	1.2877084492857112	0.4262057025961618	-0.739876153593217	1.0	-9.762084851557251	1.0	-8.850327266061498	2.0		0.0		0.0	-7.133436494812749	1.0		0.0	-7.953499126750764	3.0	-3.137094096016341	3.0		0.0		0.0		0.0	-6.416302007537032	2.0	-5.139035648630127	1.0		0.0	-3.696689236830953	2.0	-5.525698467331907	1.0
samp_80	-7.683849070695707	1.5140928186807665	0.05176808649454397	-0.5496070622011887	2.0	-9.463653309483703	2.0	-8.668817332456097	1.0	-9.31084949088035	1.0	-8.84976100276962	2.0		0.0	-6.227656889881468	2.0	-7.814184970689513	1.0		0.0	-7.220947999586982	1.0	-3.5550698241264165	1.0	-1.2243278869238277	1.0	-6.328142147189607	1.0		0.0	-4.582323865259232	1.0		0.0	-5.4442200742968	1.0
samp_81	-7.211769914760903	1.4406380855712335	0.25610104552656765	-0.6573907759524608	1.0	-9.667931933018258	1.0	-8.800007171369028	2.0	-9.522001271415956	1.0	-8.990131275734065	1.0	-7.116508556889945	1.0	-6.300589361086832	1.0		0.0	-3.1203784821313616	1.0	-7.308275886929843	2.0	-3.6254980108300616	1.0		0.0	-6.401929313980235	2.0	-5.127199703978698	1.0	-4.650662663804014	1.0	-3.6804379894946795	1.0		0.0
samp_82	-7.169721894066224	1.2785682674005898	0.2601126229182375	-0.6319452559144226	2.0	-9.573184606779751	2.0		0.0	-9.423899137028519	1.0		0.0		0.0	-6.221022884060517	1.0	-7.834267124575958	1.0	-3.047843370905796	1.0	-7.226271494679857	2.0		0.0		0.0	-6.322198027308218	3.0		0.0	-4.573416483449263	1.0	-3.6069993485231056	1.0	-5.435257084926535	2.0
samp_83	-6.902679145996728	-12.949970033213564	14.753691052371392		0.0	-9.856967781795316	1.0	-8.921624858882694	2.0	-9.723997447394993	1.0		0.0	-7.184867583189192	2.0		0.0	-8.016388782141476	1.0	-3.238867270418236	2.0		0.0	-3.7293983941028497	1.0		0.0	-6.468100078628879	1.0	-5.196026329570127	3.0	-4.723262646947496	1.0		0.0	-5.5797005430100555	2.0
samp_84	-7.533166218289365	1.4469070782389304	0.15701433989563843	-0.5991648979532604	2.0	-9.519514658577172	1.0		0.0		0.0	-8.888451631519974	1.0	-7.060846306657973	1.0	-6.248839189429078	3.0	-7.84334561331041	2.0		0.0		0.0	-3.5776311304413704	1.0		0.0		0.0		0.0		0.0	-3.632280407365504	1.0	-5.464750072249663	5.0
samp_85	-8.112209764086597	-13.865208885955235	15.444746250631402		0.0	-9.403046631603665	1.0	-8.644896851924742	1.0		0.0	-8.821016161733006	2.0	-7.041039652243574	1.0	-6.235892800351082	2.0	-7.80447362076425	2.0	-3.120980973409731	1.0	-7.220091882523165	1.0		0.0		0.0	-6.335664477736959	2.0	-5.0778128926854835	1.0	-4.606937194300801	1.0	-3.671891565672043	2.0		0.0
samp_86	-6.687419729959893	1.496347448917244	0.13365299936585084	-0.5939069111331203	1.0	-9.823544801496473	1.0		0.0	-9.6892149464695	2.0		0.0	-7.100713038138155	3.0	-6.2769769784076175	1.0	-7.941408070907961	3.0		0.0	-7.305716787192794	1.0		0.0		0.0		0.0	-5.096006012957113	4.0		0.0	-3.6443231329033545	1.0		0.0
samp_87	-6.116701861112656	1.3391374516201757	0.3556639689490384	-0.7035835783482466	2.0		0.0		0.0	-10.133548958491469	2.0		0.0		0.0	-6.332400596424793	1.0	-8.097401933271032	2.0	-3.125878945283046	4.0	-7.407375027221261	3.0	-3.6311442121116393	1.0		0.0	-6.437761900848204	2.0		0.0		0.0		0.0		0.0
samp_88	-7.007700806736067	1.9737797147876892	-0.2996169271702872		0.0	-9.721068314069583	2.0		0.0	-9.57904732174127	2.0	-9.013743226707101	1.0		0.0	-6.289697932256843	1.0	-7.925767230604689	1.0		0.0		0.0	-3.584096892792205	2.0	-1.1093582362989491	2.0	-6.3916683767427385	1.0	-5.10813887756583	1.0		0.0	-3.635696758068096	2.0	-5.497825241928273	2.0
samp_89	-7.11802110242363	1.5955830898130925	0.14663043085425534	-0.6159013001435505	2.0	-9.73069051852035	3.0		0.0	-9.588179216526997	1.0	-9.035045158594558	1.0	-7.142865823442877	2.0	-6.324853125552711	1.0	-7.95372887396249	1.0	-3.1346674440620803	1.0	-7.337466376864802	1.0	-3.64124193767049	1.0		0.0		0.0	-5.14863789072555	1.0		0.0	-3.695582920268189	1.0	-5.5361013046127265	1.0
samp_90	-7.092264891190282	1.7093585568815863	-0.009610133875178329	-0.5483787774309387	2.0	-9.709259908255369	1.0	-8.820659859826678	2.0	-9.566022841074036	1.0		0.0		0.0	-6.302905326421508	1.0		0.0		0.0	-7.315703409683769	1.0	-3.613490947392787	1.0	-1.2210751195857694	1.0	-6.40460176526601	1.0	-5.1255042237326	2.0	-4.647396945375184	2.0	-3.667079004467911	2.0		0.0
samp_91	-6.703974894329968	1.8346859486052733	0.06703792669668343	-0.602213930143455	2.0	-10.020589701615789	1.0		0.0	-9.902593759991053	1.0	-9.236137998764367	1.0	-7.244734581516735	5.0	-6.416376926243881	1.0	-8.10514891022888	2.0	-3.1991158086355833	1.0		0.0	-3.7091587745266983	1.0		0.0		0.0	-5.228913005255702	1.0		0.0	-3.7627812782786587	1.0		0.0
samp_92	-7.621466306550319	1.92381560160693	-0.250253322192439		0.0	-9.544458869622122	2.0		0.0		0.0	-8.917946808883794	2.0	-7.093983052483849	1.0	-6.280654563014316	1.0	-7.875009693555361	1.0	-3.0788815824296303	1.0	-7.277960021203995	1.0		0.0	-1.1261908975697579	2.0		0.0	-5.1060760801415706	1.0		0.0	-3.6384682911725865	2.0	-5.494148119211257	3.0
samp_93	-6.630001428685635	2.027517894722515	-0.31240100897455864		0.0		0.0		0.0	-9.787346664585273	2.0	-9.12963304252654	1.0	-7.147820902031445	2.0	-6.319716524717344	1.0	-8.001222275805256	1.0		0.0	-7.356879779053103	1.0	-3.60152256385937	1.0	-1.1099299001908955	1.0	-6.422953039417842	2.0	-5.1305966357528705	2.0	-4.649065968836199	1.0	-3.652942232686834	1.0	-5.522029673639713	1.0
samp_94	-7.142752046344759	1.5331015890866602	0.05564440495993855	-0.5552777212918495	3.0	-9.615375364293092	1.0	-8.745943168143603	1.0	-9.467772821835792	2.0	-8.936309614209662	1.0		0.0	-6.2460064242959685	2.0	-7.864356111933448	1.0		0.0		0.0		0.0	-1.230039582049089	1.0		0.0		0.0		0.0	-3.6205283848607386	2.0	-5.458660290411281	3.0
samp_95	-6.860063512212626	1.6055176301498133	0.17756858761145333	-0.6344206707065848	1.0		0.0	-8.916860592506602	1.0	-9.72669012565476	1.0	-9.115967366688912	2.0	-7.174077652225339	2.0	-6.351441593486995	1.0	-8.008513240723238	2.0	-3.15491684891461	1.0		0.0		0.0		0.0	-6.453873377005053	1.0		0.0	-4.692560460987619	2.0	-3.716385708992525	1.0	-5.559296819810181	2.0
samp_96	-7.66106405366463	1.3618472140308369	0.2884133513913574	-0.6647190349700242	1.0	-9.5212643825034	2.0	-8.718293607763789	4.0		0.0	-8.900248925287183	1.0	-7.082268607672743	1.0		0.0	-7.860912158292299	3.0	-3.1005722706212824	1.0		0.0	-3.6048372846206997	1.0		0.0	-6.371895718324916	1.0		0.0		0.0	-3.6599467224996864	2.0		0.0
samp_97	-7.073195763466339	1.7085298013259562	-0.09072381020979274	-0.5068660466089704	1.0	-9.658286668387353	1.0		0.0	-9.51283990649902	1.0	-8.966335911259367	1.0		0.0	-6.261191843567753	2.0	-7.887122524666126	1.0		0.0	-7.272599842072154	1.0	-3.572032311192496	3.0	-1.1777810038951986	2.0	-6.362792536891951	1.0	-5.084118452679727	2.0		0.0	-3.625361765834517	1.0		0.0
samp_98	-6.583743311646116	1.8774390166344135	0.049593515956886304	-0.5980774838792855	3.0		0.0	-9.080918241507957	1.0	-9.991733139894162	2.0	-9.288783506711484	1.0	-7.26534683428927	1.0		0.0		0.0	-3.208659194317901	1.0	-7.483551039384723	1.0	-3.7194761687058344	2.0		0.0		0.0		0.0	-4.760810750431023	3.0	-3.7729731652680276	1.0	-5.6335460372475765	1.0
samp_99	-7.368871955962671	1.6350763158285302	0.024134266942849033	-0.5547281208274056	3.0	-9.596555451418732	2.0	-8.755941240411413	1.0	-9.447280558452682	1.0	-8.942672279450933	1.0	-7.092608468918297	1.0	-6.278130573298419	2.0		0.0		0.0	-7.280631665482952	1.0		0.0	-1.2288699669282053	1.0	-6.379199097248898	1.0		0.0	-4.6277295826543545	1.0	-3.6505468711861857	2.0		0.0
