run	log_tbg	log_alphap	log_betap	b9F9_log_P	b9F9_weight	b9G1_log_P	b9G1_weight	b9G2_log_P	b9G2_weight	b9G3_log_P	b9G3_weight	b9G5_log_P	b9G5_weight	b9G6_log_P	b9G6_weight	b9G8_log_P	b9G8_weight	b9H1_log_P	b9H1_weight	b9H3_log_P	b9H3_weight	b9H4_log_P	b9H4_weight	b9H5_log_P	b9H5_weight	b9H6_log_P	b9H6_weight	b9H7_log_P	b9H7_weight	b9H9_log_P	b9H9_weight	b9I1_log_P	b9I1_weight	b9I2_log_P	b9I2_weight	b17E6_log_P	b17E6_weight
fit	-21.601089902866512	0.39740020132741655	0.3379514758729588	-3.2181422963812016	1.0	-5.647488712540946	1.0	-5.898112583406858	1.0	-3.3921888611429583	1.0	-7.87952704157583	1.0	-5.817542663805917	1.0	-5.850070661680399	1.0	-7.578937664232273	1.0	-8.771846171711537	1.0	-8.383816467206708	1.0	-7.691598993167168	1.0	-1.7106278089129299	1.0	-1.2105312884575354	1.0	-6.477117584661212	1.0	-7.028035511186592	1.0	-6.308708978635265	1.0	-5.722041009386013	1.0
samp_00	-22.772507382749083	0.9610923500735267	-0.19042644358485017	-3.214268730931505	2.0	-5.663363705075456	2.0	-5.9141584506006994	1.0	-3.3925381654331446	1.0	-7.896999569182666	1.0		0.0	-5.866046190568841	1.0		0.0	-8.789452604458656	2.0	-8.401325904051093	1.0	-7.7089817692876945	1.0	-1.6397659966366862	1.0		0.0	-6.493945277801935	2.0		0.0	-6.32543614918071	1.0	-5.737570390852849	1.0
samp_01	-6.610077800331572	1.190642202218421	-0.31816214979883223		0.0	-5.732659878737294	3.0		0.0		0.0	-8.130421461385032	2.0		0.0	-5.941135982569379	1.0	-7.780774240822533	1.0		0.0	-8.797198766837637	2.0	-7.924028572695831	2.0	-1.65149339560155	2.0		0.0		0.0		0.0	-6.413465543268884	4.0		0.0
samp_02	-18.697450862461952	0.291763748530551	0.36436940342111357	-3.1799463153108327	1.0	-5.607990740245933	1.0	-5.858614547102818	1.0	-3.3536388490216473	2.0	-7.839927835699085	2.0	-5.778047682136938	1.0	-5.810577299914462	1.0		0.0		0.0	-8.3442034104803	1.0	-7.6519963749922235	1.0	-1.6771489914894198	1.0		0.0	-6.437559562807773	1.0	-6.98845045922228	1.0		0.0	-5.6825789363984205	3.0
samp_03	-21.97664686713051	0.38878199182237744	0.4052809971447255		0.0	-5.676946488354013	1.0	-5.927555783018133	1.0	-3.4226993207887424	1.0	-7.908895004239288	2.0	-5.8469911689642196	1.0	-5.879518278002205	1.0		0.0	-8.80120310990335	4.0	-8.413148259438383	1.0	-7.721007035488555	2.0		0.0	-1.24984004075078	1.0		0.0	-7.057410806500842	1.0		0.0	-5.751512905121513	1.0
samp_04	-21.471021947393012	0.34317571997127677	0.3536192969620248		0.0	-5.628255575484749	1.0	-5.878922547356274	1.0	-3.3735542301894177	1.0	-7.860236133363973	2.0		0.0		0.0		0.0	-8.752556430127424	1.0	-8.364514443575624	1.0	-7.6723183377493385	1.0	-1.6948399944433257	2.0	-1.1957051982395632	1.0		0.0	-7.008766890796982	2.0	-6.289459598054765	1.0	-5.702840269756632	3.0
samp_05	-22.628344254096927	0.8265678946735857	-0.016700019160477267	-3.241035304366492	1.0	-5.683573196889481	1.0	-5.934293580830234	2.0	-3.417920990394502	1.0		0.0		0.0	-5.886206533469403	1.0	-7.616033155689882	1.0	-8.809063028627314	3.0		0.0	-7.728675867230287	1.0	-1.6877351775608866	3.0	-1.166012019191182	1.0		0.0	-7.0649754970364	2.0		0.0		0.0
samp_06	-21.69225849687391	0.23188973694063839	0.4885089784352651	-3.2149520042115447	1.0	-5.6403534004784355	1.0		0.0	-3.388141437243681	1.0	-7.872088752368271	1.0		0.0	-5.842910933120989	1.0	-7.571505193680571	2.0		0.0		0.0	-7.684191952950798	1.0	-1.722196629912899	1.0	-1.2306210881641908	2.0	-6.469796632606515	3.0	-7.020638758858625	1.0		0.0	-5.714965628940861	2.0
samp_07	-21.98465494646896	0.1820551030066848	0.5547037109996549	-3.224708131052582	2.0	-5.6486614953047605	1.0	-5.8992337321820765	1.0		0.0		0.0	-5.818688976726771	2.0	-5.851210848892694	1.0		0.0	-8.772560288853095	2.0		0.0	-7.6923618833647875	1.0		0.0	-1.249423759486841	2.0	-6.478036020057938	2.0	-7.0288582281015515	1.0	-6.309655716374179	1.0	-5.7232933258784815	1.0
samp_08	-20.438401315931493	0.5572764029415982	0.1816258145098797		0.0	-5.648846698890706	2.0		0.0	-3.389864393021107	2.0	-7.881260443406889	1.0	-5.818924653756791	3.0		0.0		0.0		0.0		0.0		0.0	-1.6902831005127477	3.0	-1.1809807612354275	1.0	-6.478698660861926	3.0	-7.029697240844101	1.0		0.0	-5.723326858098092	1.0
samp_09	-21.973509802075775	0.4202130924118167	0.3755815565823572	-3.2488589032762745	2.0	-5.677749088350021	1.0		0.0	-3.422833176925056	1.0	-7.909755270091749	2.0		0.0		0.0	-7.609183402364304	1.0	-8.802061854567226	2.0	-8.41403233893177	2.0		0.0		0.0	-1.2449578956271532	2.0	-6.507354123244995	1.0	-7.058265772055148	2.0		0.0	-5.752282469089322	1.0
samp_10	-22.8057831885274	0.11424588578765131	0.6153287710596052	-3.2225560424382995	1.0	-5.645180936744853	1.0		0.0		0.0	-7.876700721407641	3.0	-5.815208266960654	1.0	-5.847735711023182	1.0		0.0	-8.768967183741308	1.0	-8.380963949921775	1.0	-7.688802350599791	1.0		0.0	-1.255603191924036	4.0		0.0		0.0	-6.306122172707394	1.0	-5.719853446823947	2.0
samp_11	-22.184608056991976	0.8641808527926942	-0.09828552369646049		0.0	-5.661358394717463	2.0		0.0	-3.3938719641405553	1.0	-7.894656398213086	1.0	-5.831498567573003	4.0		0.0	-7.594015924594072	1.0	-8.787068696174273	1.0	-8.39897474641122	2.0	-7.706661375894708	1.0	-1.6552290376380192	1.0		0.0		0.0	-7.042925821846308	2.0	-6.323250711921265	1.0		0.0
samp_12	-21.6268238071887	-17.09472973021436	17.749226626099986	-3.2069182892523234	2.0		0.0	-5.85977115711866	1.0	-3.3750692461308387	2.0		0.0	-5.779294176045585	2.0	-5.811826102834229	3.0		0.0	-8.731508141373238	1.0		0.0		0.0		0.0	-1.3792354608383375	2.0	-6.437747619431434	2.0	-6.988228457203508	1.0		0.0	-5.684386340744067	1.0
samp_13	-21.736517283183456	1.0751100622309309	-0.25606338326029043		0.0	-5.6871388890049355	2.0		0.0	-3.412585995309751	1.0		0.0	-5.8572904345411265	2.0		0.0	-7.620464337973333	2.0	-8.81359818764485	3.0	-8.425507209310009	1.0	-7.733113597828834	1.0	-1.6449668278773297	1.0		0.0	-6.517935984768045	2.0		0.0	-6.349347540629238	1.0	-5.761291402028679	1.0
samp_14	-22.94547081014822	0.3545660839792319	0.42107516623517505	-3.240335581648707	1.0	-5.667793761670815	1.0	-5.918403241220171	2.0	-3.4140000327921376	1.0	-7.899682778990106	1.0	-5.837838288124493	1.0	-5.870368123400721	2.0	-7.599101333325414	1.0	-8.791994615142695	1.0		0.0		0.0		0.0	-1.2444308732961407	1.0	-6.4973396185934185	2.0	-7.048220985967319	1.0	-6.328939563994103	2.0		0.0
samp_15	-22.044932622469233	-20.819820253030368	21.526456269792416	-3.233999375721736	1.0		0.0	-5.885908786152821	2.0	-3.402008757283479	2.0	-7.865412385796842	2.0		0.0	-5.837966458658399	1.0		0.0	-8.757575983755295	1.0		0.0	-7.677595074170339	2.0		0.0	-1.4106493500240807	1.0	-6.463853726129829	3.0		0.0	-6.295594323064162	1.0	-5.710537661018881	1.0
samp_16	-23.90544580072953	0.7521702799363652	0.1124973880229075	-3.2727277774984063	1.0	-5.711320903236078	2.0		0.0	-3.4487915994285845	1.0	-7.944096025193991	2.0		0.0	-5.913944610720299	1.0	-7.643476367460875	2.0	-8.836468386586867	2.0	-8.448406299460473	1.0		0.0	-1.7328766301007696	1.0	-1.2179479376524174	2.0		0.0	-7.092469373407314	1.0	-6.372933826965986	1.0		0.0
samp_17	-22.01869333198612	0.45953745582045663	0.3648952615557277		0.0	-5.692008972995527	2.0	-5.942626612293101	1.0	-3.4366559141772894	1.0	-7.924098029130162	3.0	-5.862058747743376	1.0		0.0	-7.623478339715185	1.0	-8.816417912520315	2.0	-8.428364166731313	1.0		0.0		0.0	-1.2555365717342704	3.0		0.0	-7.072566761415233	1.0		0.0	-5.766539751393645	1.0
samp_18	-20.29891841920272	-0.29750219455047394	0.91289276954325	-3.17094568930848	1.0	-5.588511569404465	1.0		0.0		0.0	-7.8196492725770215	1.0		0.0	-5.791069963783213	1.0	-7.5190957014825175	1.0		0.0	-8.323909714675839	2.0	-7.6317800275542576	1.0	-1.7094061834426175	1.0	-1.2368565619164418	2.0	-6.417597852794091	2.0		0.0		0.0	-5.663317446757158	4.0
samp_19	-23.695918525834898	-0.10194920091802842	0.7858658287893923		0.0		0.0		0.0		0.0		0.0	-5.792650681344277	3.0		0.0	-7.553327513898391	3.0	-8.746157084248795	1.0	-8.358164424210175	1.0	-7.666020516961768	3.0		0.0	-1.2571624869347338	4.0		0.0		0.0		0.0	-5.6973801501350945	2.0
samp_20	-7.814559164083267	-0.28315124739075964	0.9334992818104816		0.0	-5.6113740945809445	1.0	-5.863772138728414	1.0		0.0		0.0	-5.782610647921787	2.0	-5.815422791494831	2.0	-7.573119907184314	1.0		0.0	-8.430244172346828	2.0	-7.693018468892376	2.0		0.0	-1.2578238670947925	2.0		0.0		0.0	-6.277128538162561	2.0	-5.687083124204971	2.0
samp_21	-22.29928222131059	1.0340579024155774	-0.21988934059637805		0.0		0.0	-5.93569715194174	1.0	-3.411910992372263	1.0	-7.918741904481681	1.0		0.0		0.0	-7.618045989815592	1.0	-8.811176291242365	4.0	-8.423086242002206	1.0	-7.730670430136563	4.0	-1.6505217269360206	3.0		0.0	-6.515550972852445	1.0		0.0		0.0		0.0
samp_22	-22.637918527210847	0.9127639058586431	-0.1561780163380208	-3.20934621599244	2.0	-5.656496650915432	1.0	-5.9072825194198995	1.0		0.0	-7.889965075009233	1.0	-5.826623280636401	2.0		0.0	-7.589317231067718	1.0	-8.782385357156754	1.0	-8.394292474983594	2.0	-7.701976149829334	1.0	-1.6407552487575228	1.0		0.0	-6.486992063800684	2.0	-7.038214692311159	1.0	-6.31847783439224	1.0		0.0
samp_23	-11.372999412145505	0.36348876993791385	0.36682132832320574		0.0	-5.6451893408036415	1.0		0.0		0.0	-7.878430359751133	3.0	-5.815274416713356	1.0		0.0		0.0		0.0	-8.383811348823206	1.0	-7.690356830035968	3.0	-1.7120755073512361	1.0	-1.213627809454444	1.0	-6.47498852200451	2.0	-7.026155318402651	1.0	-6.306522059545778	2.0	-5.7197809205402335	1.0
samp_24	-22.34134944147219	0.6208938212579098	0.07190243408534487		0.0		0.0	-5.876202134120379	1.0	-3.3642422264902834	1.0	-7.858185664391685	1.0	-5.795633671964617	2.0	-5.828161450025382	2.0	-7.557569383224962	1.0	-8.750559148192586	1.0	-8.36246164852256	1.0	-7.670200775066009	1.0	-1.6534329373223424	1.0		0.0		0.0	-7.006573955200884	2.0	-6.287090013585982	1.0	-5.699968590740679	2.0
samp_25	-21.328516695856166	-20.96536434657676	21.639771140628824		0.0	-5.619335076524972	2.0	-5.869751123563796	2.0	-3.3853637514887738	1.0	-7.849286832312528	1.0	-5.789276218409959	2.0	-5.821801173612807	2.0	-7.548776428851914	1.0	-8.741464779764025	1.0	-8.35352089451337	2.0		0.0		0.0	-1.391284735936348	1.0		0.0		0.0		0.0	-5.6943667445569925	2.0
samp_26	-22.415287241605878	0.9917873774315703	-0.2027314355004095	-3.222249548073424	2.0	-5.672453393775603	1.0	-5.923260658704775	2.0		0.0	-7.906183824500472	1.0	-5.842617082044604	1.0		0.0	-7.605526607699039	1.0	-8.79860440341418	2.0		0.0	-7.7181557809487495	2.0	-1.6444373473652525	3.0		0.0	-6.503096187270356	2.0		0.0		0.0		0.0
samp_27	-21.829128295645283	2.122963098411258	-1.2623221609880226	-3.1617207960168567	1.0	-5.6992462794735355	1.0		0.0		0.0		0.0	-5.86989093396144	2.0	-5.902463011509942	2.0		0.0	-8.834068056802744	5.0	-8.445620314016097	1.0		0.0		0.0		0.0	-6.53470468688488	1.0	-7.087718033127377	2.0	-6.365596370480777	2.0		0.0
samp_28	-24.23780135853521	0.44472607338144093	0.27049426155787537	-3.2062304933777774	3.0		0.0	-5.887932190686061	3.0	-3.3806170898550025	2.0		0.0		0.0	-5.8398666461898445	2.0	-7.568863564776297	1.0	-8.76179862876146	1.0		0.0	-7.681498604185246	2.0		0.0		0.0	-6.466978225603904	2.0		0.0	-6.298577655165592	1.0		0.0
samp_29	-6.6525392519498245	0.5614881375967304	0.15192630650616612	-3.2031450109996538	1.0	-5.653524330363194	2.0		0.0	-3.378581217769995	3.0		0.0		0.0	-5.861157621932385	1.0		0.0		0.0	-8.685113634052351	2.0	-7.828478538919397	2.0	-1.6751518322094474	1.0		0.0	-6.506872341804499	2.0		0.0	-6.331536832940474	1.0	-5.731114108979628	2.0
samp_30	-21.542907216855586	0.8718477430639128	-0.09215717024715935		0.0	-5.66826381870424	1.0		0.0	-3.4006765485750474	3.0		0.0		0.0	-5.870920471031078	1.0	-7.6009167494435355	1.0	-8.793968973281533	1.0	-8.405873144967158	1.0	-7.713561723553208	2.0	-1.661861405392601	1.0		0.0	-6.498642951633567	1.0	-7.049821908909584	2.0	-6.3301570760451895	3.0		0.0
samp_31	-18.183358338098643	0.8560971730038773	-0.10404501136171798	-3.2096622638512278	1.0	-5.654461601765635	2.0		0.0		0.0		0.0		0.0	-5.857116156843746	1.0	-7.587089543829726	1.0	-8.78014185830889	1.0	-8.392059098815984	3.0		0.0	-1.6485959149682536	2.0		0.0	-6.484827396551228	1.0	-7.036011295097486	1.0	-6.316330424004033	3.0	-5.728745437539394	1.0
samp_32	-7.267784637031619	0.33233598654078256	0.3866006489204663	-3.212426890903918	1.0		0.0	-5.902776433325537	2.0		0.0	-7.9595111662696665	1.0		0.0	-5.854121199799419	1.0		0.0		0.0	-8.536348348836988	1.0	-7.76167688044566	3.0	-1.709578868764284	1.0	-1.2122339789809637	1.0	-6.490997333968519	2.0	-7.05838398517682	2.0	-6.318902567068683	2.0		0.0
samp_33	-20.621431068071058	0.5069599332411192	0.25786438263711586	-3.2299994217218275	1.0	-5.661988946175022	1.0	-5.9126350317631875	1.0	-3.4046270025721315	1.0	-7.8942396751126225	1.0	-5.832054946721094	1.0		0.0	-7.593638966287216	2.0		0.0		0.0	-7.706303443228137	2.0	-1.7129245380585434	1.0	-1.2079662128500608	1.0	-6.491748335230504	3.0	-7.042709638494064	1.0	-6.323320668734504	1.0		0.0
samp_34	-23.064575213711862	-15.964739152974737	16.635185684530125	-3.2152102349652556	2.0		0.0		0.0	-3.383303867597731	1.0	-7.847301379376214	3.0		0.0	-5.819812966689634	1.0		0.0		0.0	-8.351532605266978	1.0	-7.659492008110269	2.0		0.0		0.0	-6.44571390596927	2.0		0.0	-6.277468894003103	2.0	-5.692403445209216	3.0
samp_35	-21.12988303118979	0.40455088657270594	0.3733978627674162	-3.2400737489740483	2.0		0.0	-5.919456890836772	1.0	-3.4140097935487566	1.0	-7.900833257249469	3.0	-5.838887802410607	2.0		0.0	-7.600240424846174	3.0		0.0	-8.405122297905642	1.0	-7.712907868491422	1.0		0.0	-1.2365435092707737	1.0	-6.498436825936199	1.0	-7.049341295141495	1.0		0.0		0.0
samp_36	-22.048816533121276	0.9571503018761421	-0.17064479916580583		0.0	-5.671334900822411	1.0	-5.922122441703469	1.0		0.0	-7.904929531583299	1.0		0.0	-5.874011620081822	1.0	-7.6042666460565425	2.0	-8.797360069840245	1.0	-8.409254997621625	1.0		0.0	-1.649717882439694	4.0		0.0	-6.501894677672865	1.0	-7.053147242870267	1.0	-6.333366459481882	2.0	-5.745550561459791	1.0
samp_37	-21.76299530430804	0.6052032111008829	0.15856249015253127	-3.2260438168651255	1.0		0.0	-5.911852603248162	1.0	-3.4013465743824653	2.0	-7.8936739619866465	3.0	-5.831270512725852	1.0	-5.863791848780044	1.0		0.0	-8.785998116325608	1.0	-8.397976437675958	2.0		0.0	-1.6976566944885878	2.0	-1.1868462877666899	1.0	-6.491104223895286	1.0	-7.042122539379083	1.0		0.0		0.0
samp_38	-6.885535991975291	0.8823009045625598	-0.07102163207024978	-3.2406467853518937	1.0	-5.698361715635992	1.0		0.0	-3.418237404140365	1.0	-8.051736165917115	1.0		0.0		0.0	-7.715290853975848	2.0		0.0	-8.671368841207567	1.0	-7.849582585532302	3.0	-1.6787837055421004	5.0	-1.1539953966776582	1.0		0.0	-7.124295625803242	1.0		0.0		0.0
samp_39	-22.12676877760115	0.6097011007383416	0.15371883694290095	-3.2256916239617266	1.0		0.0	-5.911671266962303	1.0	-3.401024266455045	1.0	-7.8935089821579405	2.0	-5.831080082650938	1.0	-5.863608550264762	1.0	-7.592890858153071	1.0	-8.785849018121196	1.0		0.0	-7.705550208253112	2.0	-1.6967677933683554	2.0	-1.185620496071843	1.0	-6.490899694633888	2.0	-7.041921561637049	1.0		0.0		0.0
samp_40	-22.08239086738219	0.631595582055286	0.06778109795833889		0.0		0.0	-5.879491802015289	1.0	-3.3672823382609502	1.0	-7.861459141966616	1.0	-5.798884480903482	2.0	-5.8314309741210835	2.0	-7.560842019724273	1.0	-8.75381528611955	1.0	-8.365765949506088	3.0		0.0	-1.6555865518580362	1.0		0.0	-6.458800812782201	1.0	-7.009860767715531	2.0		0.0	-5.703226043327499	1.0
samp_41	-20.99867984520141	1.303705067998329	-0.5207973995648778	-3.200408336668854	2.0		0.0	-5.918713429023317	1.0	-3.382511406503796	1.0	-7.902919256123423	1.0		0.0	-5.870534499495351	1.0	-7.602216589569076	1.0	-8.795484195048383	2.0	-8.407329066455613	3.0		0.0		0.0		0.0	-6.499264520912889	2.0	-7.050861953030001	2.0	-6.330659002440081	1.0		0.0
samp_42	-19.89602663440516	0.1402581768315414	0.5644166457123917	-3.2090098580083537	1.0	-5.632638712273593	1.0		0.0	-3.381825331439636	2.0	-7.864233231431441	2.0		0.0	-5.835206558222927	2.0		0.0		0.0	-8.368515397768833	1.0	-7.676337182414219	1.0	-1.7231121564912784	1.0	-1.2354939188890404	2.0	-6.462004434630423	1.0	-7.01282599936726	2.0		0.0	-5.707306697371835	1.0
samp_43	-22.05355028231372	1.0231978619315658	-0.22028158933143405	-3.227786755006865	1.0	-5.67927253253311	1.0	-5.9300886470147525	1.0	-3.4065609749683072	1.0	-7.913099502273742	1.0	-5.8494329803124545	1.0		0.0		0.0	-8.805548442559987	1.0		0.0		0.0	-1.646211775741914	2.0		0.0	-6.509974439809029	2.0	-7.061274929079053	4.0	-6.341441066595262	2.0		0.0
samp_44	-7.0562377969227414	0.8499100893708544	-0.09272313372858786		0.0	-5.6688743424068555	1.0		0.0	-3.391249307462659	1.0	-8.001139427997623	1.0	-5.841770833177919	2.0		0.0	-7.6710479695187725	1.0		0.0	-8.59852103122125	3.0	-7.800993552268337	1.0	-1.653085669842915	2.0		0.0	-6.51504076002397	1.0	-7.086959594955497	2.0	-6.341898039068811	1.0	-5.745323455376764	1.0
samp_45	-6.791730499026396	0.2531710365133343	0.46110265625686325	-3.212716681730759	1.0	-5.652426940385089	1.0		0.0	-3.3862687709107213	3.0		0.0	-5.826008590781773	1.0	-5.8593621633084245	1.0		0.0		0.0	-8.641041674281245	2.0	-7.808974116048739	1.0	-1.716585125676356	1.0	-1.223351574472809	1.0	-6.50227349661093	2.0	-7.079971311906938	2.0		0.0	-5.72975963011537	1.0
samp_46	-21.45582360634055	0.12769546457736983	0.5767378326918117		0.0		0.0	-5.883127034111747	2.0		0.0	-7.864122900106813	4.0		0.0	-5.835109228438584	1.0		0.0	-8.756406023519318	1.0		0.0	-7.676225640588035	1.0	-1.7243000584653816	1.0	-1.2373278589410048	3.0		0.0		0.0	-6.293519779942008	1.0	-5.707217444266361	3.0
samp_47	-22.289797905442843	1.1063398398265232	-0.2925475907264524	-3.2288283476394466	1.0	-5.68433633947924	1.0	-5.935183539793671	2.0	-3.4084483983792664	1.0	-7.9185061596331865	3.0	-5.854516309483755	2.0	-5.8870539697633655	1.0	-7.617822639867359	1.0	-8.810977177488175	1.0		0.0		0.0	-1.6354694164373258	1.0		0.0	-6.515239129057398	1.0		0.0	-6.3466848181693685	2.0		0.0
samp_48	-6.809687150077344	0.5650792427433797	0.21685970255012435	-3.238429543747706	1.0	-5.685675472790436	2.0		0.0	-3.4136196886965458	3.0	-8.04693818968261	1.0	-5.859349917511228	1.0	-5.892723515364142	1.0		0.0		0.0	-8.675398587317583	2.0	-7.84343549821176	1.0	-1.7149389642912285	1.0	-1.2072604142950625	1.0		0.0	-7.113918387144496	2.0	-6.3615141746996535	1.0		0.0
samp_49	-21.64750501111564	0.46368986084959535	0.28023951351802523	-3.2205354871548777	2.0		0.0	-5.90227308385452	1.0	-3.395002618129881	1.0		0.0	-5.821702821246214	1.0	-5.854216524966347	2.0	-7.583225431292858	2.0	-8.776145892287092	2.0		0.0	-7.695872632290699	1.0	-1.7067174024514637	1.0	-1.2032156500508793	1.0		0.0	-7.032294722437089	2.0		0.0	-5.7261400213138	1.0
samp_50	-21.34005370793996	0.3703159147420656	0.40026599318253675		0.0	-5.665215015311644	2.0	-5.915831560029124	3.0	-3.4110179250206727	1.0	-7.89716302083325	1.0		0.0		0.0	-7.596573250667598	1.0	-8.78946962065603	1.0	-8.401470692217659	1.0	-7.709261923741442	1.0	-1.7349334020327538	1.0	-1.238314015805584	3.0	-6.49479378333994	1.0		0.0	-6.326388599883904	1.0		0.0
samp_51	-19.863413698097254	0.25904723372182414	0.44431734747399526	-3.2053064254282275	2.0		0.0	-5.88238059220555	2.0	-3.378782338071668	1.0		0.0		0.0	-5.834301608203464	1.0	-7.562968128852745	1.0		0.0		0.0	-7.675722831936018	1.0	-1.7089999516246435	1.0	-1.2150645836527367	1.0	-6.461207573664954	1.0	-7.012115357247826	2.0	-6.292828515360697	3.0	-5.706377928013941	1.0
samp_52	-21.923059138985533	0.4736458553151521	0.30096631007281915	-3.23619076365152	2.0	-5.667006137158987	1.0	-5.917628486407737	1.0		0.0	-7.899183721348788	1.0	-5.837064727322554	2.0		0.0		0.0	-8.79149396027508	2.0		0.0		0.0	-1.7233870176363832	1.0	-1.2209521586679641	2.0	-6.496700383588285	1.0	-7.047615098034522	2.0	-6.328286213546293	1.0	-5.741508539889199	1.0
samp_53	-24.026958964744193	-21.23333139388701	21.935366006547653	-3.2316208763136522	1.0	-5.633195947639346	1.0	-5.883608303309861	3.0		0.0	-7.863116888893005	1.0		0.0	-5.835664137547129	3.0	-7.56260519534666	2.0	-8.755275766880521	1.0		0.0	-7.675303167418575	1.0		0.0	-1.4078947393158663	1.0	-6.461555216679997	1.0	-7.01201908244956	1.0		0.0	-5.708239301111948	1.0
samp_54	-21.097967809182983	0.29459935890228406	0.4755103426001529		0.0		0.0	-5.915757390651022	1.0	-3.412508079689282	1.0		0.0		0.0	-5.867717828833752	2.0		0.0	-8.789236428180345	4.0		0.0	-7.709023148679005	3.0		0.0	-1.2517239641720341	1.0	-6.494634883817029	1.0	-7.045485328400834	1.0	-6.326237309172203	2.0	-5.7397628533173615	1.0
samp_55	-21.32511747860619	0.2833701936603976	0.45134667225437053	-3.2210396798585674	1.0	-5.647428914956794	1.0	-5.898027382651573	1.0	-3.3944576529812824	2.0	-7.879232861161883	2.0	-5.817470649287514	2.0		0.0	-7.578651377111818	1.0		0.0		0.0	-7.6913222392290255	1.0	-1.72460224007509	1.0	-1.2309579211077986	2.0	-6.4769203468856755	2.0		0.0		0.0	-5.72203048730666	1.0
samp_56	-21.825301741425218	0.5489042609811675	0.2222127016067279	-3.2318474334142024	1.0		0.0	-5.915677720128295	1.0	-3.4067343552955927	1.0		0.0	-5.835100528126268	2.0		0.0	-7.596779877405752	2.0	-8.789727995096023	2.0	-8.401666444471479	1.0		0.0	-1.710533736204759	1.0	-1.2033741845796273	1.0	-6.494838785394067	1.0	-7.045825805801389	2.0	-6.326410805957672	1.0	-5.739501003368883	1.0
samp_57	-21.414070776469416	-21.755019709937205	22.44291007328428	-3.2242798760173708	1.0	-5.626100656291032	1.0	-5.876515463678854	1.0		0.0	-7.856039406442178	3.0		0.0	-5.828570770219514	3.0	-7.555531307539911	2.0		0.0		0.0	-7.668226971372421	2.0		0.0	-1.3994009192280117	1.0		0.0	-7.004946467847845	1.0		0.0	-5.701138892166929	2.0
samp_58	-7.086923760716054	0.32125468133862645	0.4291777566161553		0.0		0.0	-5.921311291336499	1.0	-3.4030496131219423	4.0		0.0		0.0		0.0	-7.665204360499411	1.0		0.0	-8.588215411476678	1.0	-7.794531461932564	1.0	-1.7295798205313364	1.0	-1.2345671023820648	2.0	-6.511462330186768	1.0	-7.082393345167782	1.0	-6.338573823460964	3.0	-5.743321797961184	1.0
samp_59	-21.484323080458392	-21.12550914105104	21.820074737531673	-3.22775977480519	1.0	-5.629442108994622	1.0	-5.879861404316685	3.0	-3.395800489553616	1.0	-7.8593391222169755	1.0		0.0	-5.831923880744909	3.0		0.0	-8.751496314856494	1.0		0.0	-7.67158181773572	2.0		0.0	-1.403413812154114	1.0	-6.457834278743612	1.0	-7.008293824778407	1.0	-6.289552282975365	1.0		0.0
samp_60	-19.71632523123951	0.8324691370540209	-0.08920112899170295		0.0	-5.6501320148406915	2.0	-5.900891132141724	3.0		0.0	-7.883352686151475	2.0	-5.820266958352141	2.0	-5.852793899615562	1.0	-7.582708505339002	2.0		0.0	-8.38767210222566	1.0	-7.695340843404159	1.0	-1.6477138692947648	1.0		0.0	-6.480472577407176	1.0	-7.031634092472177	1.0		0.0		0.0
samp_61	-7.1535162303807995	0.5160822152363626	0.2519257273400123	-3.232419465903	1.0	-5.674324880086647	4.0		0.0	-3.407257525066438	1.0	-7.996381704975823	1.0		0.0	-5.880035414518856	1.0		0.0		0.0	-8.584641610166084	1.0	-7.797519643076261	1.0	-1.7138196325499582	1.0	-1.2083894493202636	1.0	-6.518470930534217	1.0	-7.088281808044918	2.0	-6.345812326116435	1.0	-5.750802327434828	1.0
samp_62	-24.05294301057857	1.4414714987987955	-0.6143900404007198	-3.213428302757732	1.0		0.0		0.0	-3.397115153575544	2.0		0.0	-5.859369819158538	1.0		0.0	-7.624151781790593	2.0	-8.817573421850447	3.0	-8.429365256441287	1.0	-7.736775122072499	2.0		0.0		0.0	-6.520988941923316	2.0	-7.072707763287228	2.0	-6.352322006087715	1.0		0.0
samp_63	-8.737246221702714	0.08855045842572054	0.6374549952094435		0.0	-5.645614567299121	2.0		0.0		0.0		0.0	-5.816130107185623	1.0	-5.8487795444279165	3.0	-7.589068420044151	3.0		0.0	-8.414750468211782	2.0		0.0		0.0	-1.257309558783672	2.0	-6.477778897188022	1.0	-7.03233120781605	2.0		0.0	-5.720672489459877	1.0
samp_64	-22.57292822636189	0.7799496651647895	-0.051598536865253355		0.0	-5.642840968181775	2.0		0.0		0.0	-7.8759078932234345	2.0	-5.812950450920321	1.0	-5.845479150125292	1.0	-7.57528090689704	1.0	-8.768291238216051	1.0	-8.380221236972101	2.0	-7.687927796452845	1.0	-1.6482064261981273	2.0		0.0	-6.473083133111106	1.0	-7.024220891060545	1.0		0.0	-5.717178432965696	2.0
samp_65	-7.610543940136781	0.5021457334578782	0.18823988362203276	-3.192098351880403	2.0		0.0		0.0	-3.367059753015092	2.0		0.0	-5.802902099355221	3.0	-5.835789244357611	1.0	-7.601806300083907	1.0		0.0	-8.472498205668856	2.0		0.0	-1.6698696896996488	1.0		0.0		0.0		0.0	-6.298935971573397	3.0	-5.706954018084205	2.0
samp_66	-7.070460113096188	0.10686697988094061	0.5941329797664927	-3.2090056041455357	2.0		0.0	-5.896896654763069	1.0		0.0		0.0	-5.814987249264735	2.0		0.0		0.0		0.0	-8.563789384594202	2.0		0.0	-1.7248007648832606	1.0	-1.2386021627324841	3.0	-6.486919820651291	1.0	-7.057788493149157	1.0	-6.31407621827823	3.0	-5.718994285625232	1.0
samp_67	-22.67890156125074	0.1671937355547976	0.5735691458500914		0.0	-5.6506937943763065	1.0	-5.901256859848603	1.0		0.0	-7.882292531714866	3.0		0.0	-5.853235671536056	1.0		0.0	-8.77457345211229	2.0	-8.386574625371942	3.0	-7.69438482454817	2.0		0.0	-1.2543560608675908	1.0	-6.480052611697253	2.0		0.0		0.0	-5.72531900771278	1.0
samp_68	-22.868762622738615	0.9087269380841904	-0.12912334079189428		0.0		0.0	-5.918839589117145	1.0	-3.3992320055009935	2.0	-7.901490422359559	1.0	-5.838208155859537	1.0	-5.870736931685041	1.0	-7.600849235480651	1.0	-8.793918944862451	1.0		0.0	-7.713495288968044	2.0	-1.654926443251647	1.0		0.0	-6.498534611349066	2.0	-7.049745210987068	1.0	-6.330013246185388	3.0		0.0
samp_69	-23.6747610138255	0.3628444327825923	0.34407904970436953		0.0		0.0	-5.883912037230003	1.0	-3.378338457739028	2.0	-7.865233053308284	1.0	-5.803346577418493	1.0	-5.835872544581696	1.0	-7.564656267924198	1.0	-8.75756282048163	1.0	-8.3696941691003	2.0	-7.677373116117541	1.0	-1.6982946171390405	2.0	-1.1987183680733309	1.0	-6.462895121634074	1.0	-7.013790874474278	1.0		0.0	-5.707848272452412	1.0
samp_70	-25.979498974168155	-30.654080192622395	31.327884979597354		0.0		0.0		0.0		0.0	-7.849008994367554	1.0	-5.788975776812124	2.0	-5.821554647477075	3.0		0.0	-8.741149057013347	1.0		0.0	-7.661187427793623	2.0		0.0	-1.3909446086432318	1.0	-6.447410053085204	2.0	-6.997886490021018	1.0	-6.27913720673076	2.0	-5.694083010754869	2.0
samp_71	-21.86671983202682	0.6429924410925083	0.15726736276681746	-3.243595273830295	1.0	-5.679381826984407	2.0	-5.930057229126491	1.0	-3.419040698809727	1.0	-7.91192348823624	1.0	-5.849460203011375	1.0		0.0	-7.611308077727429	1.0	-8.804273385067976	2.0	-8.416223106709836	2.0		0.0	-1.713206503525253	1.0	-1.2018845584031392	1.0		0.0	-7.060334912554198	3.0		0.0		0.0
samp_72	-21.199862327278165	0.9168339972978825	-0.1748826788400418	-3.201527503054543	2.0	-5.649164054811477	2.0	-5.899927729688185	1.0	-3.3794901752934745	1.0		0.0	-5.819312038670241	2.0		0.0	-7.581992176097415	1.0	-8.775064473675231	1.0		0.0	-7.694645659497091	2.0		0.0		0.0	-6.479651184788743	1.0	-7.030889845276872	2.0	-6.3111393895095595	1.0	-5.723391321987543	1.0
samp_73	-24.42084077112869	0.14409831254263547	0.5272998867893991		0.0		0.0	-5.866536168056992	3.0		0.0	-7.847596797266555	2.0	-5.785980991592533	3.0	-5.818510278305911	2.0	-7.547021561117317	1.0		0.0		0.0		0.0	-1.7030595228115182	1.0	-1.2133779234813904	1.0	-6.445344550128805	1.0		0.0	-6.276954918816387	1.0	-5.690603532936241	2.0
samp_74	-20.38092688643438	-42.64075751993957	43.35003022305766	-3.2353677952907907	1.0	-5.636830773775426	1.0	-5.887243937593052	2.0	-3.403385476657448	3.0	-7.866736009667469	1.0	-5.806780014876737	2.0	-5.839296372263628	2.0	-7.566227771194367	1.0		0.0	-8.370979477496011	1.0		0.0		0.0		0.0	-6.465179423951853	1.0	-7.015613161286755	2.0		0.0		0.0
samp_75	-21.064904929107062	0.6286720752322973	0.07589706258323049	-3.1943905756852464	2.0	-5.631408049794541	1.0	-5.882108767349338	1.0	-3.3700548141250564	1.0	-7.864073574164034	1.0		0.0	-5.834030325468162	3.0		0.0	-8.756436527407047	1.0	-8.368364135535922	2.0	-7.676106458456904	2.0	-1.6591291106294508	1.0		0.0	-6.461411246626173	2.0		0.0		0.0		0.0
samp_76	-8.480550252726363	0.2605426572843921	0.4611182342111866	-3.21514072400917	4.0		0.0	-5.89530000255855	1.0	-3.3885236099986447	1.0		0.0		0.0	-5.847086629671857	1.0	-7.591125416843913	1.0		0.0	-8.423052608573528	1.0		0.0	-1.7197198715684077	1.0	-1.2265699826811607	2.0	-6.47691277937697	1.0	-7.032629541110858	3.0	-6.307433515212986	1.0		0.0
samp_77	-20.097470926508908	0.4052133791167162	0.38905748602594	-3.248538767521011	1.0	-5.677026629099874	3.0	-5.927637003219441	2.0		0.0	-7.908994220720776	2.0		0.0		0.0	-7.608405352745876	1.0	-8.80130631194383	2.0	-8.413280977535715	3.0	-7.721075590379538	1.0		0.0	-1.2468589257735383	1.0		0.0		0.0	-6.338206948082767	1.0		0.0
samp_78	-18.687129102726836	0.6761462552094828	0.047785403230405546		0.0	-5.640981741655308	1.0	-5.891679558013524	5.0	-3.378608364156423	2.0		0.0		0.0	-5.843611828889629	2.0	-7.5731126421009	3.0		0.0	-8.378026235758949	1.0		0.0	-1.6629929263089789	1.0		0.0		0.0	-7.022116615611869	1.0	-6.302581767466064	1.0		0.0
samp_79	-21.252593414472944	0.4979968843188835	0.26483671554175725	-3.2292461014688416	1.0	-5.66102043187773	1.0	-5.911649557499788	1.0	-3.4038492694416154	2.0		0.0		0.0	-5.863603998560416	2.0	-7.592648927140828	1.0	-8.785578424622292	1.0	-8.397530213346004	1.0		0.0	-1.7130079668099816	1.0	-1.208484821822503	1.0	-6.490747401562774	3.0	-7.041713679654397	1.0	-6.322339653176434	1.0		0.0
samp_80	-20.903345518745155	0.001057942836117577	0.6633265009110925	-3.191118481563485	1.0		0.0	-5.863250515910771	1.0	-3.363434391405111	2.0		0.0	-5.7827068352400905	1.0	-5.81523004981382	2.0	-7.543545856658617	1.0	-8.736391363631883	1.0	-8.348381325689028	1.0	-7.656213338167289	5.0	-1.7133607240530306	1.0	-1.2304910374415903	1.0		0.0		0.0		0.0		0.0
samp_81	-23.20817752915316	0.8614545445538166	-0.1123791114574846	-3.207858419319552	2.0		0.0	-5.9036967680585795	1.0	-3.3852718646170237	2.0		0.0	-5.823072458421364	1.0	-5.85559420000738	3.0	-7.585599271941163	1.0	-8.77865599320039	2.0		0.0		0.0	-1.645862214615251	1.0		0.0	-6.48332261126458	3.0		0.0		0.0	-5.7272051256159315	1.0
samp_82	-20.716131286848093	0.42032222239461187	0.36255352887432757	-3.2421436158120023	2.0	-5.671272791275593	3.0		0.0	-3.416171331797903	3.0		0.0	-5.8413272828518545	1.0		0.0	-7.602704416827332	1.0	-8.79561008986438	1.0	-8.407572061096815	1.0		0.0		0.0	-1.2367031567707305	1.0	-6.500895050322496	1.0		0.0	-6.332486275278005	2.0	-5.745816077320947	1.0
samp_83	-23.601331766713077	1.093023554961736	-0.26864076491127564	-3.2350920339567946	2.0	-5.689714600088082	1.0		0.0		0.0	-7.923796056300031	2.0	-5.859887474806218	1.0	-5.8924193822748485	2.0		0.0	-8.816279543497036	2.0		0.0	-7.735763361840308	1.0	-1.644307616323871	4.0		0.0		0.0		0.0	-6.352022848819825	2.0		0.0
samp_84	-22.002185695395216	0.08006555496202512	0.6094543753072286		0.0		0.0	-5.875732115724333	1.0	-3.375083710017132	1.0	-7.856661220890998	1.0	-5.7951860218122615	2.0	-5.827711871188431	1.0		0.0	-8.748934945020947	1.0	-8.360891913502234	1.0	-7.66880222299633	2.0	-1.720418758397439	1.0	-1.235068244271252	2.0		0.0	-7.005313133240549	2.0	-6.286075115299527	1.0	-5.699860088499621	1.0
samp_85	-22.598756168353923	1.1411726332215688	-0.3185435069362892	-3.23137591432765	1.0	-5.688590626307413	2.0		0.0		0.0	-7.922902126676422	1.0	-5.858782719606106	1.0	-5.891318273130312	1.0	-7.62222007092436	1.0	-8.815388849816314	3.0		0.0	-7.73485327040932	1.0	-1.633194321488171	1.0		0.0	-6.5195827607839645	1.0	-7.070991162347314	2.0	-6.351017625688486	1.0	-5.762662591887878	1.0
samp_86	-7.275676710005138	0.49014333777640906	0.24040499124639905	-3.2136804811954374	1.0		0.0		0.0		0.0		0.0		0.0		0.0	-7.641028640042512	2.0		0.0	-8.54141748622354	2.0	-7.767119393799554	2.0	-1.6954100700941743	2.0	-1.1895255370411437	1.0	-6.4965500717574125	3.0	-7.0639405962956054	3.0		0.0	-5.7304482932541525	1.0
samp_87	-22.22336289577498	0.7860482351380684	0.059092622674836996	-3.2611439964126947	2.0	-5.701425050155827	3.0	-5.952118636886492	1.0		0.0	-7.934322342686714	1.0		0.0	-5.904038690115535	1.0		0.0	-8.82670131218673	3.0		0.0	-7.746347664721038	1.0	-1.7155674158326006	2.0	-1.1977343617327598	2.0		0.0		0.0	-6.363102360855609	1.0		0.0
samp_88	-21.126636444305298	0.29906273683095524	0.43429513683186577	-3.219917098807445	2.0	-5.6467245070348	1.0		0.0		0.0	-7.878568449482825	1.0	-5.816757655824879	1.0	-5.849282623211968	1.0	-7.5779832173068895	1.0	-8.770854654052902	1.0	-8.382837109352893	2.0	-7.690635428857948	2.0	-1.72191957129497	1.0	-1.2273017226796887	2.0	-6.476209551019917	2.0		0.0		0.0		0.0
samp_89	-22.275391163584338	0.36487833176557155	0.38481024493746		0.0	-5.654759081563067	1.0		0.0	-3.4003631826809837	3.0	-7.886709109575075	1.0		0.0	-5.857336096579511	1.0	-7.586119554645882	1.0		0.0	-8.39097459978939	1.0		0.0	-1.7233181116250258	2.0	-1.225842291673382	3.0		0.0	-7.035231347668135	1.0	-6.315945694397687	2.0	-5.7293323640470355	1.0
samp_90	-21.52017206438053	-17.24872140582583	17.927847155379617	-3.219715541890382	2.0		0.0	-5.872122141846757	1.0	-3.3878029524965037	1.0	-7.851647587354332	1.0	-5.791648990786796	1.0	-5.824173269826057	1.0		0.0	-8.74381557215935	1.0	-8.355878919384175	1.0	-7.663841903609206	2.0		0.0	-1.3941053640936938	1.0	-6.450081586775269	2.0	-7.000549763810636	1.0	-6.281815216310803	1.0	-5.696740463831178	1.0
samp_91	-22.057903987187693	0.1460171921763347	0.584980747068331	-3.2225826849360275	4.0	-5.645819172352924	1.0		0.0	-3.3952825399729343	1.0		0.0	-5.815851998431873	1.0	-5.848380210467375	1.0		0.0	-8.769692431531556	1.0		0.0	-7.689484872602899	2.0		0.0	-1.2515117946990297	3.0	-6.475164847816957	1.0	-7.025972568714616	1.0	-6.306787755078172	1.0		0.0
samp_92	-7.656955723240151	0.09657174216060413	0.6147893569601343		0.0	-5.642450054231337	2.0	-5.895262344544796	1.0	-3.386806465744132	2.0		0.0	-5.813954178671067	2.0		0.0	-7.610574724039771	1.0		0.0		0.0	-7.732136126981552	2.0	-1.7318117621008235	1.0	-1.2467549507559423	4.0		0.0		0.0	-6.309391487019927	1.0	-5.718259988815922	1.0
samp_93	-23.20932329966124	0.607676849250203	0.08557420512820306	-3.1892630941362077	3.0	-5.625790029462952	1.0		0.0	-3.364827835481443	1.0		0.0	-5.795883498755676	2.0	-5.828414548667541	1.0	-7.557784869902914	1.0	-8.750769858573351	1.0		0.0		0.0	-1.6556944949732824	1.0		0.0	-6.45576610499241	1.0	-7.006815664657527	2.0		0.0	-5.700237223326803	3.0
samp_94	-22.1601793070004	0.31662496424059416	0.3960720564960881	-3.208679682393289	4.0		0.0		0.0	-3.3823438764995832	2.0	-7.868211978550529	2.0		0.0		0.0		0.0		0.0		0.0		0.0	-1.70757756648769	1.0	-1.2108198907906254	1.0	-6.465859255017753	3.0	-7.016747084104886	2.0		0.0	-5.710900195771475	2.0
samp_95	-8.724163135242595	0.12614516224927497	0.532822401904627		0.0		0.0	-5.863227694616586	2.0	-3.3586925100321454	2.0	-7.861182826447531	1.0	-5.782427144251759	1.0	-5.815069991912617	1.0	-7.555444522186075	1.0		0.0	-8.380858853617474	3.0	-7.670986886885413	1.0	-1.697693379358265	2.0	-1.2082107392794694	1.0	-6.444143440984766	1.0		0.0		0.0	-5.686924476242755	1.0
samp_96	-21.120923183886706	0.4591018693951445	0.2924434348491598	-3.2246507557347024	1.0	-5.655452752891453	1.0	-5.906091187134357	1.0	-3.399015547832814	2.0		0.0	-5.825515120043885	1.0	-5.858046532117849	4.0	-7.587013717123507	3.0	-8.779938439947628	1.0	-8.391899363942555	1.0		0.0	-1.7118450592741918	1.0	-1.208989538459581	1.0		0.0		0.0		0.0		0.0
samp_97	-20.774607800565374	0.4315548403470759	0.287268871071882		0.0		0.0	-5.889746090030277	1.0		0.0	-7.871261459427161	1.0		0.0	-5.84170048939781	1.0		0.0	-8.763573831765424	1.0	-8.375533164768802	2.0	-7.683328291763937	3.0	-1.6963081415953163	2.0	-1.1933421878083619	1.0	-6.468809826920597	1.0	-7.019743702016911	1.0	-6.300390693414948	3.0		0.0
samp_98	-21.88452623771545	1.5493809708947641	-0.7882397309176884		0.0		0.0	-5.906304467369006	3.0	-3.35629993058564	1.0	-7.8918838688674215	1.0	-5.825518318636543	4.0	-5.858064484561205	1.0	-7.591102288796082	2.0	-8.784544059722199	2.0		0.0		0.0		0.0		0.0	-6.4876075365169354	1.0	-7.039524401922594	1.0		0.0	-5.728747689074119	1.0
samp_99	-21.432776965715124	0.904296248241189	-0.13202390982631135		0.0	-5.664408210302973	1.0	-5.915178664569308	1.0	-3.3956174437681375	2.0		0.0	-5.834537737047962	2.0	-5.867075296605646	1.0	-7.5971747161169585	2.0	-8.790254222997605	2.0	-8.402143459300294	1.0		0.0	-1.6514858018188927	1.0		0.0	-6.494866555265664	1.0	-7.046072112213465	2.0		0.0	-5.738662186542691	1.0
