run	log_F	b1I8_log_P	b1I8_weight	b2F5_log_P	b2F5_weight	b2G8_log_P	b2G8_weight	b2B1_log_P	b2B1_weight	b2G4_log_P	b2G4_weight	b2H8_log_P	b2H8_weight	b2A5_log_P	b2A5_weight	b2G3_log_P	b2G3_weight	b2H3_log_P	b2H3_weight	b2F3_log_P	b2F3_weight	b2G7_log_P	b2G7_weight	b2A6_log_P	b2A6_weight	b2B6_log_P	b2B6_weight	b2B4_log_P	b2B4_weight	b2B2_log_P	b2B2_weight	b2B7_log_P	b2B7_weight	b2B5_log_P	b2B5_weight	b2A2_log_P	b2A2_weight	b2B9_log_P	b2B9_weight	b2A7_log_P	b2A7_weight	b2A9_log_P	b2A9_weight	b2A4_log_P	b2A4_weight	b2A8_log_P	b2A8_weight
fit	0.05247683842083936	-4.935810699115949	1.0	-2.172918082623972	1.0	-4.798359717691053	1.0	-4.5632102691586605	1.0	-0.5923627348137356	1.0	-4.6966760573439545	1.0	-4.683329512870162	1.0	-5.160690161114431	1.0	-1.5190724322640543	1.0	-4.0969434282884425	1.0	-4.5750319974456675	1.0	-7.769554207646046	1.0	-4.903805536904544	1.0	-0.3529846457552347	1.0	-4.1944004459402064	1.0	-4.680618134865952	1.0	-5.253108388419108	1.0	-6.270296801528919	1.0	-9.722112771703678	1.0	-9.965421279834578	1.0	-7.187821493849487	1.0	-5.32072164746477	1.0	-9.8903993532828	1.0
samp_00	-0.09306593341764695		0.0		0.0	-4.773730318510511	2.0	-4.541289322156959	3.0		0.0	-4.6718127274526315	2.0	-4.659899978947025	1.0	-5.133060336729467	2.0	-1.5221829669446787	3.0	-4.084562329236727	2.0	-4.554669197475047	1.0		0.0		0.0		0.0		0.0	-4.656334746383963	1.0	-5.22331966019013	3.0		0.0	-9.650731728461285	2.0		0.0		0.0		0.0	-9.82113080921321	1.0
samp_01	0.1398299710186514	-4.95031390305938	3.0	-2.170196577238386	1.0	-4.8119938833459	1.0		0.0	-0.5923518198101828	1.0		0.0		0.0		0.0		0.0	-4.10339443974926	1.0		0.0	-7.797532899832763	2.0	-4.918458266756941	1.0	-0.3531458662784133	1.0	-4.205338550664103	2.0	-4.694055319532216	1.0	-5.269802366600792	3.0		0.0	-9.762725615074247	1.0	-10.00552945217612	1.0		0.0	-5.337041296592945	3.0	-9.929823279453235	1.0
samp_02	0.15522432184033685	-4.952781813002722	1.0		0.0	-4.81431445715713	1.0		0.0	-0.5923543340939744	1.0	-4.712801531849744	1.0		0.0		0.0	-1.5170574480181829	1.0		0.0	-4.58801614802818	2.0	-7.8023596034463525	1.0	-4.920953998123621	4.0	-0.3531787882421675	1.0	-4.2071872128262955	1.0	-4.696340378809333	1.0		0.0	-6.294644288409906	1.0	-9.769715954043551	2.0	-10.012429520618298	3.0		0.0	-5.339827508325094	1.0	-9.936588425750326	1.0
samp_03	0.03727416023659956	-4.933199002162964	2.0	-2.1733993449206412	1.0		0.0	-4.561031050668023	2.0	-0.5923654123501125	1.0	-4.694190985792226	2.0		0.0	-5.1579194624614475	4.0		0.0	-4.095749736512129	1.0	-4.573019532212372	1.0	-7.764580889129209	1.0		0.0		0.0	-4.19241809729564	3.0	-4.67819322613603	3.0	-5.250113044772189	1.0		0.0		0.0		0.0		0.0	-5.317791198106428	1.0		0.0
samp_04	-0.13532421621753904	-4.901680184397837	1.0		0.0	-4.766121478831079	1.0	-4.534475327279374	3.0		0.0	-4.664137963693239	1.0	-4.652643667354747	3.0	-5.124574127829714	2.0		0.0	-4.080556403419914	2.0		0.0		0.0		0.0	-0.35256463806046684	1.0		0.0	-4.648828434820368	1.0		0.0	-6.222503334562117	1.0	-9.629147510708176	1.0	-9.873518034519302	3.0	-7.130871496464947	1.0	-5.2826265190208055	1.0	-9.800206836946305	1.0
samp_05	0.06022460318891888	-4.937132605299999	3.0	-2.1726748989562186	3.0		0.0	-4.564308465707446	3.0	-0.5923654782395521	1.0	-4.697935039771922	2.0	-4.6845122499111	2.0		0.0	-1.5189201854970373	1.0		0.0		0.0		0.0	-4.9051394503699655	1.0		0.0		0.0		0.0	-5.254624357485813	1.0	-6.272175587892139	1.0		0.0	-9.969054018157992	1.0	-7.190076619433564	1.0	-5.322203989176979	2.0	-9.89395537901316	1.0
samp_06	-0.03627907120907696		0.0	-2.1757819193486285	1.0	-4.783632882561966	1.0	-4.550127361658311	1.0		0.0		0.0	-4.669326426880376	2.0	-5.1441346882137715	2.0		0.0	-4.089628527217789	1.0	-4.562899171920396	1.0	-7.740099747275248	3.0	-4.888034927622805	1.0	-0.35279449208089797	1.0	-4.182481141090295	1.0		0.0		0.0	-6.248239569694073	2.0	-9.679121068253936	2.0		0.0	-7.1614480203104005	1.0	-5.303233911826473	3.0		0.0
samp_07	0.09944058523742075	-4.943716105558643	2.0	-2.171463556175302	1.0	-4.805796013383705	1.0	-4.569785802403145	1.0		0.0		0.0		0.0		0.0	-1.5181361210002555	2.0	-4.1004973337878345	1.0		0.0	-7.78472258061377	2.0		0.0	-0.35307774101213324	1.0	-4.200379345160497	3.0		0.0	-5.262194817230833	2.0		0.0	-9.744161229773962	2.0		0.0	-7.201377713171667	2.0	-5.329604740656349	2.0	-9.911793260525737	1.0
samp_08	0.004220624713058393		0.0		0.0		0.0		0.0		0.0	-4.688698265507413	2.0	-4.675829411792586	1.0		0.0	-1.5200685702044914	2.0	-4.093066677528471	1.0		0.0	-7.753666938135196	1.0	-4.895341016916375	3.0		0.0	-4.188022883368177	1.0	-4.6728316165597725	2.0		0.0		0.0	-9.698952731882702	3.0	-9.942537033590286	1.0		0.0	-5.311327418309247	4.0	-9.867925622990512	2.0
samp_09	0.1245772618634436		0.0	-2.1706898264667864	2.0	-4.809677452947578	1.0	-4.573211279301471	1.0		0.0		0.0	-4.694061589733242	2.0	-5.173473985342462	1.0	-1.5176453787172661	3.0		0.0		0.0	-7.792723300513082	1.0	-4.915962755239377	1.0	-0.3531183365198389	2.0	-4.20348646041928	2.0	-4.6917713684883955	1.0	-5.266952245708355	1.0	-6.287514666471627	1.0		0.0		0.0	-7.208514347510101	2.0	-5.334255964762534	2.0		0.0
samp_10	0.11397162824586894	-4.946110808014966	1.0		0.0	-4.808048925995594	1.0	-4.571772670488386	1.0	-0.5923511961789383	1.0	-4.706465067816903	1.0	-4.692518976805683	1.0		0.0	-1.517850520061659	1.0	-4.101555020173598	2.0	-4.582938291273117	1.0	-7.7893579469442935	3.0	-4.914211131737737	1.0		0.0	-4.202177734979791	1.0	-4.690165471096092	1.0	-5.264954484916306	1.0	-6.285024191906801	1.0	-9.75088341398348	3.0	-9.993841105621804	1.0		0.0		0.0	-9.918316901460388	1.0
samp_11	-0.09478633857498646		0.0	-2.1777176486796344	1.0		0.0	-4.541015593588718	1.0	-0.5923624645859177	1.0	-4.671504880313607	1.0		0.0		0.0	-1.5222198411868928	1.0	-4.084402294430824	5.0	-4.554413982210189	1.0	-7.720131468802248	2.0	-4.877133733291235	2.0		0.0	-4.174170998808719	2.0	-4.656032962591653	1.0	-5.2229521783234185	1.0		0.0		0.0		0.0	-7.143530430399788	3.0		0.0	-9.820286700020118	1.0
samp_12	0.06109721391227535	-4.937277497361112	2.0		0.0		0.0	-4.564434840524466	1.0	-0.5923696518649899	1.0	-4.698069341683858	2.0	-4.684636769436575	2.0	-5.162251437306851	1.0	-1.5188983149553226	2.0		0.0		0.0		0.0	-4.9052901567246305	1.0	-0.3530013793815491	2.0	-4.195514034497774	1.0		0.0	-5.254797514815208	1.0	-6.272392470300677	1.0	-9.72619638287151	1.0		0.0		0.0	-5.322370062324428	4.0	-9.894358540686385	1.0
samp_13	-0.02136418703738254	-4.9228787535248975	1.0	-2.175283496298229	3.0		0.0	-4.552385846203	3.0		0.0	-4.68436423315884	1.0		0.0	-5.14698157438092	1.0	-1.520611298102022	1.0	-4.090934104427915	1.0		0.0	-7.745117961700296	1.0	-4.890740976117601	2.0	-0.3528252051209906	1.0	-4.184545248113436	1.0		0.0	-5.238306759610814	1.0	-6.252013267625581	1.0	-9.686467995748165	2.0		0.0	-7.165948037315119	1.0	-5.306231698166406	2.0		0.0
samp_14	0.3143196339492972		0.0	-2.165240643022048	1.0	-4.836783860743013	2.0		0.0		0.0	-4.735542850356955	1.0	-4.719674099913812	1.0	-5.204339361854997	2.0	-1.5142416406619505	1.0		0.0		0.0		0.0	-4.945230673346323	1.0	-0.3534210024310455	1.0	-4.224966344955548	2.0	-4.718471725698648	2.0	-5.300558033682396	2.0	-6.329825508220518	2.0	-9.838763436764571	2.0	-10.080560216501022	1.0	-7.259799783825393	1.0	-5.3670576666321415	1.0		0.0
samp_15	-0.36047030132718383	-4.855285278160346	1.0	-2.187017224197452	3.0		0.0	-4.494635311661572	2.0	-0.5922675713800948	1.0		0.0		0.0		0.0	-1.5287108640823819	2.0	-4.0558155439459815	1.0	-4.510852116011551	3.0	-7.624265083105176	1.0		0.0		0.0	-4.131547580767759	2.0		0.0		0.0	-6.159697496097759	1.0	-9.508185611203878	3.0	-9.753637224094058	2.0		0.0		0.0	-9.682727615986638	1.0
samp_16	-0.4926710031204576	-4.825206175658395	1.0	-2.191790056246642	2.0	-4.693272360347627	1.0		0.0		0.0		0.0	-4.5827857972570065	1.0		0.0	-1.532311850971612	2.0	-4.0384474552441425	4.0	-4.485975651876434	3.0	-7.573647769347877	1.0		0.0	-0.35137077149294976	1.0	-4.107244650844649	1.0		0.0		0.0	-6.120103300310993	1.0	-9.432767748755776	1.0	-9.678712706812492	2.0	-7.011106613154826	1.0	-5.198594089667115	1.0		0.0
samp_17	-0.2076101340279085	-4.887443532844155	3.0	-2.1815990128237117	1.0	-4.752618096682696	1.0	-4.522337828725088	1.0		0.0		0.0	-4.639745212002744	1.0		0.0	-1.5248520581262213	4.0	-4.073247575732609	3.0	-4.536942301131057	1.0	-7.680429291087238	2.0	-4.85498854279183	3.0	-0.3523753737146182	1.0		0.0		0.0	-5.198113540842726	1.0		0.0	-9.591406866857078	1.0		0.0		0.0		0.0		0.0
samp_18	-0.1294850422264209		0.0	-2.178897093791543	1.0	-4.7671849193643	2.0	-4.535428876785965	2.0	-0.5923612672606038	1.0		0.0	-4.6536563139075815	1.0	-5.125757189437101	1.0	-1.5230147383381856	1.0	-4.081119593582555	1.0	-4.549199373798873	2.0	-7.708086556181581	3.0	-4.870481249268488	1.0	-0.3525743145529439	1.0		0.0	-4.649875708060317	1.0		0.0	-6.224053069924399	1.0		0.0	-9.876487888021801	2.0		0.0	-5.283873491146469	2.0		0.0
samp_19	0.19125447013214303		0.0		0.0	-4.8196365698975825	1.0		0.0	-0.5923417211012028	3.0	-4.718183522146036	1.0	-4.703488967713199	1.0	-5.184770676639913	1.0		0.0	-4.106858931778764	2.0		0.0	-7.8135281001397905	1.0		0.0	-0.3532313963510009	2.0		0.0	-4.701583035372998	1.0	-5.279223138375641	5.0		0.0		0.0	-10.028355734749212	1.0	-7.227065364172605	1.0	-5.346240954443829	1.0	-9.952243045671779	2.0
samp_20	-0.07126213647475144		0.0	-2.1769143098798605	1.0	-4.777575118383293	1.0	-4.544725936929892	2.0	-0.5923640793128785	1.0	-4.675691879116536	1.0	-4.663563810934448	3.0	-5.1373576865619235	1.0	-1.5216971759815379	2.0		0.0	-4.557873278513341	1.0		0.0		0.0	-0.35271982478289576	4.0	-4.1775525875320465	1.0	-4.660125954595641	1.0	-5.227940487711954	1.0		0.0	-9.66172073321311	1.0	-9.905717346552922	1.0		0.0	-5.296088219976863	1.0		0.0
samp_21	0.023980200328974206	-4.930894152736028	1.0	-2.17380921709459	1.0	-4.793726284803862	2.0	-4.55909764304048	1.0	-0.5923750275395631	1.0	-4.692004766532269	1.0		0.0		0.0		0.0	-4.094672096836012	1.0	-4.571231049678885	2.0		0.0	-4.898839416416302	3.0	-0.35292977875576365	1.0	-4.190664297194427	3.0	-4.676056109482249	1.0		0.0		0.0		0.0	-9.951967503154949	3.0	-7.179456015764955	1.0	-5.3152078225857124	1.0		0.0
samp_22	-0.05025875291379737		0.0		0.0	-4.781226092193645	1.0		0.0		0.0		0.0	-4.667041206921042	3.0	-5.141444523699452	2.0	-1.5212356455703842	1.0	-4.088427925664881	2.0	-4.560905991241642	2.0	-7.735366511408809	1.0		0.0	-0.352767706527963	1.0	-4.1805265915664345	2.0	-4.663726682618352	2.0	-5.2323394470051605	1.0	-6.244678836420156	1.0		0.0		0.0	-7.157204656608197	1.0	-5.300395822001059	1.0	-9.841963953858707	2.0
samp_23	0.15612887417815344	-4.952925366075725	2.0	-2.1697415420431674	2.0		0.0		0.0		0.0	-4.712937452731192	1.0	-4.698581468372362	1.0		0.0	-1.5170447244817928	1.0	-4.104519139743853	1.0	-4.588127116681005	1.0	-7.8026419916433225	4.0		0.0	-0.3531732599432926	1.0		0.0	-4.696472223340113	2.0		0.0	-6.2948531258811125	2.0	-9.77012229370001	2.0		0.0	-7.217364723320542	2.0	-5.339988157940394	1.0		0.0
samp_24	0.3473607014868007		0.0		0.0		0.0	-4.600717054833962	3.0		0.0	-4.7399395974532466	2.0		0.0		0.0		0.0	-4.116055414916385	1.0	-4.609422079621885	1.0	-7.859859211132359	2.0	-4.949937271646418	1.0	-0.35345964579795064	2.0	-4.228363953813388	2.0	-4.722743699394282	4.0		0.0	-6.336756496282453	1.0	-9.85238919817602	1.0	-10.09399439584211	1.0	-7.2682557483573085	1.0		0.0	-10.016798370474772	1.0
samp_25	0.2345440278387697	-4.965085940644639	2.0		0.0		0.0	-4.58740747940549	1.0	-0.5923344227040415	1.0	-4.724468839624309	1.0	-4.709357742415506	1.0		0.0	-1.5156042663582827	1.0		0.0	-4.597294372320886	1.0		0.0	-4.933397145576132	2.0	-0.353302155726399	1.0	-4.216345821722267	1.0	-4.707701062559529	1.0	-5.286920062185547	2.0	-6.312565131792489	1.0		0.0	-10.047108340526835	1.0	-7.238803087937896	2.0	-5.353756434895064	2.0	-9.97068038516627	2.0
samp_26	-0.028964267131310988	-4.921510458996784	1.0	-2.175523913880137	1.0		0.0	-4.551232422701437	1.0		0.0		0.0	-4.6705152140680015	3.0	-5.145534413718678	1.0	-1.5207764646017834	2.0		0.0	-4.563930289015666	1.0	-7.742562967089938	1.0		0.0	-0.3528237067477533	1.0	-4.183491352994428	1.0		0.0		0.0	-6.250092560024583	2.0		0.0	-9.926503944757782	2.0	-7.163659866341691	1.0	-5.304711613060175	3.0	-9.852186541602231	2.0
samp_27	-0.006534957534589768	-4.925524691146387	1.0	-2.174790914423617	1.0	-4.788665176828514	4.0	-4.554605645625822	1.0	-0.5923661597097976	1.0	-4.686884595366132	1.0	-4.674118618349213	2.0		0.0	-1.5202991333185571	1.0		0.0	-4.567059723778847	1.0	-7.750081078369052	1.0	-4.893418392027766	2.0		0.0		0.0		0.0		0.0	-6.255737843898683	1.0	-9.693729246248743	1.0	-9.937364414602843	2.0		0.0	-5.3091977099174095	2.0	-9.86284833079156	1.0
samp_28	0.010337324836067644	-4.928506261092571	2.0	-2.1742584848929236	3.0	-4.791476239479265	1.0		0.0	-0.592365215790629	1.0		0.0	-4.67679100621738	1.0	-5.152942165274254	2.0	-1.519940979381108	1.0		0.0	-4.5693767346689205	1.0		0.0	-4.896428200732183	2.0	-0.3528920635039809	1.0		0.0	-4.673833312245367	1.0		0.0	-6.259943712584952	2.0		0.0	-9.945464959083358	2.0	-7.175420886842532	1.0		0.0	-9.870801404934648	2.0
samp_29	0.11979145118647648		0.0	-2.1708335288239646	2.0		0.0	-4.572562447387639	1.0	-0.5923544100141186	2.0	-4.707370596709456	1.0	-4.693366619572241	1.0	-5.172641636374006	1.0	-1.517738958446588	2.0	-4.101973379621253	1.0		0.0	-7.791205153409274	2.0		0.0	-0.35310963340877716	1.0	-4.20289758511592	1.0	-4.691047760384382	1.0	-5.266053671629761	1.0	-6.286389981671055	2.0	-9.753564097070342	1.0	-9.996484104903404	1.0		0.0	-5.333375738993984	2.0		0.0
samp_30	0.3054139321784582	-4.975512577727603	1.0	-2.165482463531429	2.0	-4.8355955594756805	2.0	-4.595913902380751	2.0		0.0	-4.734345412968348	2.0	-4.718555836167853	1.0		0.0	-1.51438758093032	1.0		0.0		0.0	-7.847740720293019	3.0		0.0	-0.3533935110748436	1.0	-4.224034591950908	1.0	-4.717302655423385	1.0	-5.299072180806564	2.0		0.0	-9.83504747717533	2.0	-10.076893269089163	1.0		0.0		0.0	-9.999979428866421	1.0
samp_31	0.3288015514191017		0.0	-2.164852287098984	1.0	-4.838698883202485	4.0	-4.5986122847530995	2.0	-0.5923083698113211	1.0	-4.737482683136482	2.0		0.0		0.0		0.0		0.0		0.0	-7.854525820795065	2.0	-4.947306387646695	2.0	-0.353441253844832	3.0	-4.22646306431058	1.0	-4.720357298775962	2.0		0.0	-6.332879596603989	1.0		0.0		0.0	-7.263523359455643	1.0	-5.369397611951183	1.0		0.0
samp_32	0.2041092534760798		0.0	-2.1683592701696783	1.0		0.0	-4.583603371799667	2.0	-0.5923384633507599	1.0	-4.720072866442004	1.0	-4.705253695200437	2.0	-5.186891433912081	1.0		0.0		0.0	-4.593809946926862	2.0	-7.8174687623557535	2.0	-4.9287035656577665	1.0		0.0	-4.21290773281228	3.0	-4.70342249181845	1.0	-5.281530759511908	1.0	-6.305779088515263	1.0		0.0	-10.033968547850037	1.0		0.0	-5.3484934270947555	1.0	-9.957756846281505	2.0
samp_33	-0.17501288250988048	-4.893941694344016	1.0	-2.1804451741979523	1.0	-4.758786191987525	1.0	-4.527890486344776	3.0		0.0	-4.656740306789852	1.0	-4.645639561572942	1.0	-5.116412248354987	1.0		0.0	-4.076615222097714	1.0	-4.542143969417516	2.0	-7.69206354344199	1.0	-4.861542681016385	1.0		0.0	-4.162148419085991	2.0	-4.641590324031567	1.0		0.0		0.0	-9.608560794126447	1.0		0.0		0.0	-5.27404263321677	4.0	-9.780208156785017	1.0
samp_34	0.17316677156258972		0.0	-2.1692228217385012	1.0	-4.8169890239080955	1.0		0.0	-0.592346719558759	2.0		0.0		0.0	-5.18175582640157	1.0	-1.5167298708935548	2.0	-4.105642675865388	1.0	-4.590171152904618	2.0	-7.807950616853056	1.0		0.0		0.0		0.0	-4.698979241110623	1.0	-5.275943181865078	2.0	-6.298763846832522	3.0		0.0	-10.020390020736725	2.0	-7.222090792553231	1.0		0.0	-9.944418226133301	3.0
samp_35	-0.3487260903353748		0.0	-2.1865874823652476	1.0		0.0	-4.496859016070124	1.0	-0.5922725851831135	1.0	-4.622160464162943	1.0		0.0	-5.078468634657963	4.0	-1.5284125746933432	1.0	-4.057250562894131	3.0	-4.512957570920548	2.0	-7.628675092999385	1.0		0.0	-0.3519187885298883	2.0		0.0		0.0	-5.164918181968891	1.0	-6.163118779156473	1.0		0.0	-9.76013996129722	1.0	-7.06105658588307	1.0	-5.234265979612323	2.0		0.0
samp_36	-0.04131191748184174	-4.919276321925632	3.0	-2.1759638354965865	1.0	-4.782764894350575	1.0	-4.549356082434775	3.0		0.0	-4.680928495155343	2.0	-4.668506489800885	2.0	-5.1431700833527305	1.0	-1.5210345287885774	1.0	-4.0892110682282174	2.0	-4.562181032070307	1.0	-7.738399622470116	1.0		0.0		0.0	-4.181776455505161	1.0	-4.665241421460536	1.0	-5.234196404721298	1.0		0.0		0.0	-9.920483284391725	1.0	-7.159923562122725	1.0		0.0		0.0
samp_37	-0.1153870089226397	-4.905498881015787	2.0	-2.17841053371548	4.0		0.0	-4.537715855599732	1.0	-0.592363833326348	2.0		0.0	-4.656092871494336	3.0		0.0	-1.5226836526518936	1.0		0.0		0.0	-7.712997741500751	3.0	-4.873206984377648	1.0	-0.35260913190708204	1.0		0.0	-4.652399539393351	1.0		0.0		0.0	-9.639387535528812	1.0	-9.883634714085222	1.0		0.0	-5.286869538731852	2.0		0.0
samp_38	0.07699971731008812	-4.939969707228868	2.0	-2.1721519411057826	2.0	-4.802273815540907	2.0	-4.566675257399194	1.0		0.0		0.0		0.0	-5.165108548000979	1.0		0.0	-4.098834321715171	1.0		0.0	-7.7775124546358825	2.0	-4.908006743631427	2.0	-0.3530270711854743	3.0	-4.197551515819256	2.0	-4.684478746678571	1.0	-5.257884223469461	1.0		0.0		0.0	-9.976854533597377	1.0		0.0	-5.325395152258361	1.0	-9.901625152231734	1.0
samp_39	0.23796735576495234	-4.965605593664318	1.0	-2.1673761836795284	1.0		0.0	-4.5878331617199555	1.0	-0.5923333689071247	1.0		0.0	-4.709815914851011	2.0		0.0	-1.5155498181430944	3.0		0.0	-4.597680647307373	1.0		0.0		0.0		0.0	-4.216735466607563	3.0	-4.708179375260855	2.0	-5.287520343770939	2.0	-6.313322349327995	1.0	-9.806332851802921	1.0	-10.048573004653337	2.0		0.0	-5.3543427415360485	1.0	-9.972120973429389	1.0
samp_40	0.33396198175320174	-4.979561043974931	1.0	-2.1647118855229235	2.0		0.0	-4.599198991650575	1.0		0.0		0.0		0.0	-5.207307550079883	2.0	-1.5139166473243215	1.0		0.0	-4.608042723820056	1.0		0.0	-4.948037114205437	3.0	-0.35344296679115805	1.0	-4.2269929987883375	2.0	-4.721022771178352	1.0	-5.303808275896751	3.0	-6.333960576349522	2.0		0.0	-10.088574755886524	1.0	-7.264841076504704	1.0		0.0	-10.011471348258437	1.0
samp_41	0.1270443861026082	-4.948245520484339	2.0	-2.1706152206613853	3.0		0.0		0.0	-0.5923532953982925	4.0	-4.708493899287993	2.0		0.0	-5.1738988869038165	1.0	-1.5175982182382117	1.0		0.0		0.0		0.0	-4.916366789979775	1.0		0.0	-4.20378618383847	3.0		0.0		0.0		0.0		0.0	-9.999772960230752	2.0	-7.209212077871774	2.0	-5.334707404399313	1.0	-9.924145053771552	1.0
samp_42	0.25817368738463936	-4.968619435395664	2.0	-2.166778575327099	1.0		0.0	-4.590298869587718	1.0		0.0	-4.727818418455459	2.0	-4.7124812651702825	1.0		0.0	-1.515192959172019	4.0		0.0	-4.599932577055307	1.0	-7.833800636220226	3.0		0.0		0.0	-4.218961982830216	2.0	-4.7109603138633025	1.0	-5.291032486204135	1.0		0.0	-9.815044092788302	1.0	-10.057167259533294	2.0		0.0		0.0	-9.980570751430017	1.0
samp_43	-0.3204572991573339		0.0		0.0	-4.730297472048898	1.0	-4.502157970624484	2.0		0.0		0.0	-4.618371222138188	1.0	-5.084886845164189	2.0	-1.5276656218502316	4.0	-4.060645020288613	4.0	-4.517955287144383	1.0		0.0	-4.831325510876043	1.0		0.0		0.0	-4.613468579727675	1.0	-5.171757603862175	1.0	-6.171288237023694	1.0		0.0	-9.775676728867598	1.0	-7.070602901890692	1.0	-5.240985499871854	1.0	-9.704307525907439	1.0
samp_44	0.1581276541876212	-4.953242226812709	1.0		0.0		0.0	-4.577674121558078	2.0		0.0		0.0	-4.6988652889304	2.0		0.0	-1.5170084394690593	2.0		0.0	-4.588367007218705	1.0	-7.803266132386202	2.0	-4.921422068329038	2.0	-0.3531781792591729	2.0		0.0	-4.696767531761918	3.0	-5.273190161679969	2.0		0.0	-9.771027074675741	2.0	-10.013725974699241	1.0		0.0	-5.340348727171373	1.0		0.0
samp_45	0.04530252532417794	-4.934583733584029	2.0		0.0	-4.79720250636992	1.0	-4.56218568772934	1.0		0.0	-4.695506690099559	1.0		0.0		0.0	-1.5192187102670744	2.0	-4.09638274692562	1.0	-4.574080043038542	2.0	-7.7672103381446735	1.0	-4.902564061057554	1.0	-0.3529674441684788	3.0	-4.193468235658359	1.0	-4.67947829727119	2.0		0.0	-6.2685518212584395	1.0		0.0	-9.962042561180441	1.0	-7.185724953316204	1.0	-5.319342904418413	1.0	-9.887090698136143	1.0
samp_46	-0.04480972203195239	-4.9186447374772815	2.0	-2.176049731730573	2.0		0.0	-4.548821908015969	1.0	-0.5923655336117808	3.0	-4.680328860054555	1.0	-4.6679366735864996	1.0	-5.142498731888297	2.0		0.0		0.0	-4.561683916936726	1.0		0.0	-4.886471057252741	1.0	-0.35278740175977336	1.0		0.0		0.0	-5.23347683926744	2.0		0.0		0.0	-9.918764450509128	3.0		0.0		0.0	-9.844591373935312	3.0
samp_47	0.14695095358473176		0.0		0.0	-4.813074399114156	2.0	-4.5762018237535305	1.0	-0.5923494919516352	2.0		0.0		0.0	-5.177319806778588	1.0	-1.5172193093252513	2.0		0.0	-4.58701539174001	2.0		0.0	-4.9196170813010465	2.0	-0.35315527087646514	1.0	-4.206196943862984	2.0	-4.695115105740569	2.0	-5.27112508705108	1.0	-6.292728873615008	1.0	-9.765968245761757	1.0	-10.008731404349287	3.0		0.0		0.0		0.0
samp_48	0.007110167533687508	-4.927940733889556	2.0		0.0	-4.790945379371563	3.0	-4.5566309780947165	3.0	-0.5923655251983386	1.0	-4.689181249144118	1.0	-4.676281594891478	1.0		0.0	-1.520007116339849	2.0		0.0	-4.568939034224931	1.0		0.0		0.0		0.0		0.0		0.0	-5.2440868383875765	1.0	-6.259135201196775	1.0		0.0	-9.943903226409883	1.0	-7.174462921585653	1.0	-5.31190935319843	2.0	-9.869273203113144	3.0
samp_49	-0.008136056367879754		0.0	-2.174854038196845	3.0		0.0		0.0	-0.5923669219713811	3.0	-4.686616169471629	1.0	-4.673860077529632	2.0	-5.149484639317181	1.0		0.0		0.0	-4.566843381527056	2.0		0.0	-4.893130301007445	2.0		0.0	-4.1863496740236235	2.0	-4.670799073327912	1.0		0.0	-6.255335523458086	1.0	-9.692947029545254	1.0	-9.936588242192041	1.0		0.0	-5.308879588348947	1.0	-9.862090545976885	2.0
samp_50	0.13128614648116374	-4.948933404646202	2.0	-2.1704864725331077	2.0		0.0	-4.57411178408992	3.0		0.0		0.0	-4.695032073082621	2.0		0.0	-1.5175189237147018	2.0		0.0		0.0	-7.794838343709961	1.0	-4.917064405160966	1.0	-0.3531322305292019	1.0	-4.204303625062183	1.0		0.0	-5.2682093618185455	2.0	-6.289088186094113	1.0		0.0	-10.001690777848461	1.0	-7.210408995827679	2.0	-5.335484908127533	2.0		0.0
samp_51	0.31425477739250807	-4.976773140498349	1.0		0.0	-4.836773295421414	1.0		0.0	-0.5923217910825549	1.0		0.0		0.0		0.0	-1.5142429828178159	2.0	-4.114268964930923	1.0	-4.605986718971167	1.0	-7.850308577476101	2.0		0.0	-0.35341735840779276	4.0		0.0	-4.7184592994565415	2.0		0.0	-6.329812795285246	4.0	-9.838737704483817	1.0		0.0	-7.259778490826946	1.0	-5.367044167102793	1.0	-10.0035522496647	1.0
samp_52	-0.11181370510766511	-4.906178997331666	1.0	-2.1782893859457517	2.0	-4.770382075300999	1.0		0.0		0.0	-4.668433569797204	2.0	-4.656708079693275	1.0	-5.129321280120942	2.0	-1.5226076698008264	1.0	-4.082805135195585	1.0		0.0	-7.714239921986751	1.0		0.0	-0.3526213474634382	1.0		0.0		0.0	-5.219299866272751	1.0		0.0	-9.64120782611114	2.0	-9.885434170275127	1.0	-7.138237507899484	2.0	-5.287623643827782	1.0	-9.811888802679611	3.0
samp_53	0.1524218107844075	-4.952333960100743	1.0		0.0		0.0	-4.576926674178318	1.0		0.0	-4.7123774347705405	2.0	-4.698056590906836	2.0	-5.178250944986889	1.0	-1.5171144790575508	1.0	-4.10425250189565	1.0	-4.587685205249866	1.0	-7.801485384918211	2.0	-4.92050225923534	2.0		0.0	-4.206853574265984	2.0	-4.695924696816517	3.0		0.0		0.0		0.0	-10.0111796506607	2.0	-7.216330473239339	1.0	-5.33932211117051	1.0		0.0
samp_54	-0.17632241304105106		0.0	-2.180499505339117	4.0	-4.758541492165226	3.0	-4.527673082629358	2.0	-0.5923487131187221	3.0	-4.656495928299986	1.0	-4.645406329773467	1.0	-5.116139518467346	1.0	-1.5241069486737944	1.0	-4.076477314481373	1.0		0.0		0.0		0.0	-0.35245408362363817	1.0		0.0	-4.641350582847523	1.0		0.0	-6.211512306334385	1.0	-9.607886447381025	1.0	-9.85245589125202	1.0	-7.117873247365581	1.0		0.0		0.0
samp_55	-0.10965485760081481		0.0		0.0		0.0	-4.538640928165208	1.0	-0.5923613192488457	1.0	-4.668826617651952	2.0	-4.657078173640382	1.0	-5.129751883765838	2.0	-1.5225591845274729	1.0	-4.083010707735395	2.0	-4.552194844908096	2.0	-7.714987364022065	1.0		0.0	-0.3526302347823633	1.0	-4.171992834754389	1.0		0.0	-5.219764427935327	2.0		0.0	-9.642305577506532	1.0	-9.886520878805989	2.0	-7.1389082470119085	2.0	-5.288079154449858	1.0		0.0
samp_56	0.1629668762482066		0.0		0.0	-4.815474771783864	2.0	-4.578309075587665	1.0	-0.5923486170088682	2.0		0.0	-4.6995483935249425	1.0		0.0		0.0	-4.104979284447065	1.0	-4.588944978654599	2.0	-7.804770808500449	3.0		0.0	-0.3531750395737376	1.0	-4.208101205356682	2.0	-4.697482164822704	1.0	-5.274078780221063	1.0	-6.296429324655137	1.0	-9.773210265836633	2.0		0.0	-7.219258597608923	2.0		0.0	-9.939976359807494	1.0
samp_57	0.6103443741622896		0.0	-2.1579657024765218	1.0		0.0		0.0	-0.5922191875619675	4.0		0.0		0.0	-5.244941312636613	1.0	-1.5098576445252816	1.0		0.0		0.0	-7.930212122343835	1.0	-4.983529879558387	2.0	-0.3537526940863005	1.0	-4.25216618757662	2.0	-4.753048802895319	2.0	-5.345214545811997	4.0	-6.3873177142968105	1.0	-9.952101235574807	1.0	-10.192262643839372	1.0	-7.330501239795882	1.0		0.0		0.0
samp_58	-0.15782689786060403	-4.897315278284807	3.0		0.0		0.0	-4.530761742670003	1.0	-0.5923503618904334	1.0		0.0	-4.648693633379544	5.0	-5.119967926555306	1.0	-1.5236775156134275	1.0	-4.078339315274434	1.0	-4.544834680358631	2.0	-7.69813877478798	1.0	-4.864946007191417	1.0	-0.3525000174913798	1.0		0.0	-4.644746953214071	1.0		0.0		0.0	-9.617527844463156	1.0	-9.86200318416546	1.0	-7.123760910473111	1.0		0.0	-9.78890305596091	1.0
samp_59	0.018319075829083622	-4.92990870329929	2.0	-2.174002721252119	2.0	-4.792797789543467	1.0	-4.558279564437328	2.0	-0.5923678111882992	2.0		0.0	-4.678050437736679	1.0		0.0	-1.5197746732166615	3.0	-4.094240514033231	1.0		0.0	-7.75833559858257	1.0	-4.897840437574139	2.0		0.0	-4.189913666061288	2.0		0.0	-5.2463373173938885	1.0		0.0	-9.705772992321165	2.0		0.0	-7.177779065273668	1.0		0.0		0.0
samp_60	-0.21716339814446461	-4.885514159813478	1.0	-2.181937076406161	1.0	-4.750787302106852	4.0	-4.520688834420393	2.0		0.0		0.0		0.0		0.0	-1.525082278464106	3.0	-4.072235027689518	2.0	-4.535395514731526	2.0	-7.676999843640764	1.0		0.0	-0.35233575696267694	2.0		0.0		0.0	-5.195940024469442	1.0	-6.200359422113204	1.0	-9.586336582411196	1.0	-9.831118030236041	1.0	-7.104721126443005	1.0		0.0		0.0
samp_61	-0.14986508188784392		0.0		0.0		0.0	-4.532083008484723	2.0	-0.5923567537341018	1.0		0.0	-4.650099527051471	1.0	-5.12160578094449	1.0		0.0	-4.079131943064051	2.0	-4.546071654230309	2.0		0.0	-4.866511875342552	2.0	-0.35252718985254267	1.0	-4.165987029323876	1.0		0.0	-5.211014477685851	1.0	-6.218628223566786	1.0	-9.621653101537682	5.0	-9.866086526758018	1.0	-7.126284006534891	2.0		0.0		0.0
samp_62	0.049740342479694624	-4.9353429783881095	2.0	-2.1730076527777173	1.0		0.0	-4.562823094684056	1.0		0.0	-4.696231006875983	2.0		0.0	-5.160192390710923	1.0		0.0	-4.096732141407413	2.0	-4.574674561087762	1.0		0.0	-4.903332915918601	2.0	-0.35297860457878366	1.0	-4.194046087551454	2.0		0.0		0.0	-6.269631981745618	2.0	-9.720821599047103	1.0		0.0	-7.187022947335959	2.0	-5.320197106560394	2.0	-9.88913593931531	1.0
samp_63	0.13883744390245578		0.0	-2.1702589097268525	2.0	-4.811846865562218	1.0		0.0		0.0	-4.710309519612216	1.0	-4.696118811743923	2.0	-5.175931408410508	2.0		0.0	-4.103341040813078	1.0		0.0	-7.797223354911919	2.0	-4.918299546709606	1.0	-0.35314322901005485	2.0		0.0	-4.69391134982689	1.0	-5.26962038378954	1.0	-6.2908443159385605	2.0	-9.762277201067338	1.0		0.0	-7.212529892413901	1.0	-5.3368605330296015	1.0	-9.929371878119817	2.0
samp_64	0.1518095415005946		0.0	-2.16988184097502	1.0	-4.813801536374317	1.0		0.0	-0.592332375940633	1.0	-4.712279934140961	1.0	-4.697987554048693	2.0	-5.178147532356809	1.0		0.0		0.0		0.0	-7.801294672516726	1.0	-4.920399659786461	1.0	-0.35316557855508784	1.0	-4.206778096852704	1.0	-4.6958344846004705	3.0		0.0		0.0	-9.768163692733626	2.0	-10.010898830802015	2.0	-7.216166259850289	4.0	-5.339211830962199	1.0		0.0
samp_65	0.24766397990117092		0.0	-2.167060791669046	1.0	-4.8276921676597695	2.0	-4.5890219128169605	1.0	-0.592324636231749	1.0		0.0	-4.71110204373959	1.0	-5.193946161892059	1.0		0.0		0.0		0.0		0.0	-4.935394501089551	4.0	-0.35330886074183404	1.0	-4.2178017253627	2.0	-4.709522211777841	1.0	-5.289214284284221	2.0	-6.315469848142629	1.0	-9.810531053884844	1.0		0.0	-7.242312908897904	1.0	-5.355994090279345	2.0	-9.976178862857473	1.0
samp_66	0.27480258117520784		0.0	-2.1663245499122743	2.0	-4.8314492755519165	2.0		0.0	-0.5923201339353666	2.0	-4.730139884147655	3.0	-4.714646280385774	1.0		0.0	-1.5149093012189745	2.0		0.0		0.0	-7.838740895238433	2.0		0.0	-0.3533613541664079	1.0		0.0	-4.713217785755061	3.0	-5.293891107491435	1.0		0.0	-9.822142323492079	1.0		0.0	-7.249503218749274	1.0	-5.360556343142113	1.0	-9.987453579397306	1.0
samp_67	-0.05599694320908644		0.0	-2.176417548239689	1.0		0.0	-4.547097979977611	1.0	-0.5923668378110557	1.0	-4.678375003316008	1.0		0.0	-5.140331588648838	3.0		0.0	-4.087920872031595	1.0	-4.5600822779571235	1.0	-7.73341556869207	2.0	-4.884402448625509	1.0	-0.3527508437995127	3.0		0.0	-4.662747378594771	2.0	-5.231141603624253	1.0		0.0	-9.669339575695036	2.0	-9.913265602547567	1.0	-7.155454338140598	1.0		0.0	-9.839194891424802	1.0
samp_68	-0.10077472220428427	-4.908258151420336	2.0	-2.1779240304070253	1.0		0.0	-4.540061409195638	1.0	-0.5923639401796995	1.0		0.0	-4.6585874459054475	2.0	-5.131531123982202	1.0		0.0		0.0	-4.553531073988564	2.0	-7.718064320874142	1.0	-4.876000373051309	1.0	-0.35264092881616504	3.0		0.0	-4.654989150874767	3.0		0.0		0.0	-9.646825171183174	2.0	-9.890993879493289	2.0		0.0		0.0	-9.817344672386088	1.0
samp_69	-0.03805081685390652	-4.919868185203556	1.0		0.0	-4.783325822610136	2.0	-4.549854666210346	2.0	-0.5923653149012384	1.0	-4.681494780649391	1.0	-4.669038543228323	1.0	-5.143794836887677	1.0		0.0	-4.089496638532101	1.0	-4.562646574276217	2.0	-7.739500282089465	3.0	-4.887706527891551	2.0	-0.35279462485756724	1.0		0.0		0.0	-5.234872180171437	1.0		0.0	-9.678248660445808	2.0		0.0	-7.160911104034713	1.0	-5.302875833975948	1.0		0.0
samp_70	0.44694499349976385	-4.994775862672878	1.0		0.0	-4.853543966636147	1.0		0.0		0.0	-4.752536679223419	3.0		0.0	-5.223622669010421	2.0		0.0		0.0		0.0	-7.887631187714702	3.0	-4.963446957222735	1.0	-0.3535770870326139	1.0	-4.238029605135677	1.0	-4.734972038059436	3.0	-5.321695827250929	1.0	-6.356849833930725	1.0	-9.891957281700657	1.0	-10.133005480776944	2.0	-7.292879170303694	2.0		0.0		0.0
samp_71	0.17663049984412077	-4.956170331166129	1.0	-2.1691388179939364	1.0	-4.817493663328807	1.0		0.0	-0.592345681061925	3.0	-4.716017000767821	1.0		0.0	-5.182335644313838	1.0	-1.516661681527219	1.0	-4.105897221959406	1.0		0.0	-7.809016174783767	1.0	-4.9243800185751665	3.0		0.0	-4.2097196347200425	2.0	-4.699472665208705	1.0		0.0	-6.299554909740205	1.0	-9.779337161119697	1.0	-10.021927965180373	2.0	-7.223046633326966	1.0	-5.3436561167241665	1.0		0.0
samp_72	0.3849024517923625	-4.986581697371859	1.0	-2.1633717189345187	3.0		0.0	-4.604870700949839	2.0		0.0	-4.744801934129485	2.0		0.0	-5.2148272557144715	1.0		0.0		0.0		0.0	-7.8704937693687755	1.0	-4.955147908668158	1.0	-0.3535115217238166	1.0	-4.232110903045712	1.0		0.0	-5.312042142003624	2.0	-6.344467564404135	2.0	-9.867570897617938	2.0	-10.108962143311395	1.0	-7.277688498873319	1.0		0.0	-10.031533266803656	2.0
samp_73	0.15033498629506933	-4.952005067020025	1.0		0.0		0.0		0.0	-0.5923542283486288	1.0		0.0	-4.6977571875907636	2.0	-5.177897971136314	3.0	-1.517156655750588	1.0		0.0		0.0	-7.800831255490699	3.0	-4.920168653525139	1.0	-0.3531713151666432	1.0	-4.206605432737642	2.0		0.0		0.0	-6.293509950752508	1.0		0.0	-10.010250663733625	3.0	-7.215753368065943	1.0	-5.3389487356667225	1.0	-9.934442070771485	2.0
samp_74	0.3847378036271217		0.0	-2.1634147108377593	1.0		0.0		0.0	-0.5922914676591945	2.0	-4.744782615701177	1.0	-4.7282583362772295	1.0	-5.214805719571972	1.0	-1.513095791707639	1.0		0.0		0.0	-7.870453907595878	1.0	-4.955125765520723	2.0		0.0	-4.232094238996995	2.0	-4.727447341493184	3.0	-5.312016052484469	3.0		0.0	-9.867495803714386	2.0		0.0	-7.277646858272895	1.0	-5.378223724646241	1.0	-10.0314648014034	1.0
samp_75	-0.0013460786171596599		0.0		0.0	-4.789530984558266	1.0		0.0	-0.5923750100139419	1.0	-4.68775784306478	1.0	-4.674940308734398	1.0	-5.150758868694593	2.0	-1.5201864264082108	2.0	-4.092621451405346	1.0	-4.567779059407393	1.0		0.0	-4.894346576688508	1.0	-0.3528796976899508	1.0		0.0	-4.671912621074404	1.0	-5.24238798887629	1.0	-6.257036763600017	2.0	-9.696252008983961	2.0	-9.939868974042337	1.0	-7.171949101662356	2.0	-5.310225830852116	2.0		0.0
samp_76	0.42290110040947126	-4.9916447544146365	2.0	-2.1623985127486733	1.0		0.0		0.0	-0.5922771280443065	1.0	-4.749584230494081	1.0	-4.7327052333026804	1.0		0.0	-1.5124992535013406	1.0	-4.119832453527111	1.0		0.0		0.0	-4.960266452013607	2.0		0.0		0.0	-4.732108586935132	1.0	-5.318007939521814	5.0	-6.352112918394025	1.0		0.0	-10.123796146270069	2.0	-7.287062702028361	2.0		0.0	-10.046141075332121	2.0
samp_77	-0.024980567710709854	-4.9222279737405605	1.0	-2.1753950352508533	1.0	-4.785552659799398	1.0	-4.551837033321002	1.0	-0.592365678300019	2.0	-4.683743837640257	2.0		0.0	-5.1462938179522695	3.0	-1.5206883456469613	1.0	-4.09062009125589	1.0		0.0	-7.743906371982121	1.0	-4.890089057303463	3.0	-0.3528246923212757	1.0	-4.184042666754082	1.0		0.0	-5.237565372311578	1.0		0.0	-9.684689288663078	1.0		0.0		0.0	-5.305510996720989	2.0		0.0
samp_78	0.07775942802313195	-4.940097747118999	1.0	-2.1721334586697973	1.0		0.0		0.0	-0.5923603033503453	1.0	-4.700753381294475	2.0		0.0	-5.165241343816502	1.0		0.0	-4.098883978090528	1.0	-4.578330416597752	2.0	-7.777765120324898	2.0		0.0	-0.35303545811826115	1.0	-4.197649048484356	1.0	-4.68459554922949	1.0		0.0	-6.276405056425908	2.0	-9.73404888694741	1.0		0.0	-7.195143457217907	2.0	-5.325532002572904	2.0	-9.901976428780543	2.0
samp_79	0.3361136791929592	-4.97986461159123	1.0		0.0		0.0		0.0	-0.5923042030328595	1.0		0.0	-4.7223820790813695	2.0	-5.2076326660275045	1.0	-1.5138815756634247	1.0		0.0	-4.608266267435774	1.0	-7.856631478449449	2.0	-4.948348569024745	1.0		0.0	-4.2272159915225735	1.0	-4.721302231540716	1.0	-5.304161798934114	3.0	-6.33441172602256	2.0	-9.847778004715549	2.0	-10.089448619760367	1.0		0.0	-5.370570661407961	1.0	-10.01232749405403	2.0
samp_80	0.09214928115729172		0.0		0.0	-4.804658332248236	2.0		0.0		0.0	-4.703040356564522	3.0	-4.689306685048951	1.0	-5.16779641267604	1.0		0.0	-4.099958106486974	1.0	-4.5801800793237835	2.0	-7.782386928520485	1.0	-4.910563990207249	4.0	-0.35305769147169996	1.0	-4.199463555526144	1.0	-4.686826339908337	1.0	-5.260799000048828	1.0		0.0		0.0	-9.983843746230258	1.0	-7.199288459108223	1.0	-5.328241404269184	2.0		0.0
samp_81	0.4635665286016672	-4.9969102880374265	4.0	-2.16140087475011	1.0	-4.855527294729884	1.0		0.0		0.0	-4.754546633520643	1.0	-4.737297105194863	1.0		0.0	-1.5118952944097503	2.0		0.0		0.0	-7.892145355704996	1.0	-4.965608041966082	1.0	-0.35359771746281377	1.0	-4.239570736352548	2.0	-4.7369212060910355	2.0	-5.324212521176665	1.0	-6.360088519937444	2.0		0.0	-10.139303953514965	1.0	-7.296866799119883	1.0		0.0	-10.061395206333165	1.0
samp_82	0.21735424213703256		0.0	-2.1679434366097126	1.0	-4.823406312890812	1.0	-4.5852710256852935	1.0		0.0	-4.722003041204846	3.0		0.0		0.0		0.0		0.0	-4.595340193871107	1.0		0.0	-4.930761041665546	2.0		0.0	-4.214425309703293	2.0	-4.705296110441022	1.0	-5.283881530541152	2.0	-6.308750020511746	1.0	-9.79735706513133	1.0	-10.039711852488738	2.0	-7.23417262044445	1.0	-5.350797252968385	4.0		0.0
samp_83	0.05985789953274768	-4.937069560554761	1.0	-2.1726897423269	1.0	-4.7995441673601595	2.0	-4.564260121989428	1.0		0.0	-4.6978733719168755	1.0	-4.684454628619616	1.0	-5.162026333603332	1.0	-1.5189271011626437	3.0		0.0	-4.576004216581886	1.0	-7.771954638162943	2.0	-4.905077122539151	1.0	-0.35299985852884463	4.0	-4.195355277169171	1.0		0.0	-5.254554372564024	1.0		0.0	-9.725609978670482	1.0		0.0		0.0		0.0	-9.893792801127411	1.0
samp_84	-0.32563216812142104		0.0		0.0		0.0		0.0	-0.5922922904733248	1.0		0.0	-4.617354352752095	3.0	-5.08371963377151	2.0		0.0	-4.060032209204472	3.0	-4.517039490891027	1.0	-7.637298023268278	2.0		0.0	-0.35200882724498334	4.0		0.0		0.0	-5.170508692028489	1.0		0.0	-9.527548911816588	1.0	-9.772838360996298	1.0	-7.068862925939126	1.0	-5.239762265281144	2.0	-9.701533484064752	1.0
samp_85	0.27705274026083415	-4.971403278243376	1.0		0.0	-4.831756693002215	1.0		0.0	-0.5923219462723205	2.0	-4.730451344458572	2.0		0.0		0.0	-1.514871436834002	2.0		0.0	-4.602006315395998	2.0	-7.839407706861693	2.0		0.0	-0.35336377446257866	1.0	-4.221011753711038	2.0	-4.713521074010679	1.0	-5.294274515045027	1.0	-6.321859228871641	1.0	-9.823100662642412	1.0		0.0	-7.250093669005881	2.0	-5.360930109446271	1.0	-9.988382588870373	1.0
samp_86	0.27463543183892714	-4.971049656424138	3.0	-2.166329298115724	3.0	-4.831423485593845	1.0		0.0	-0.5923218596722541	1.0	-4.730116849339758	3.0		0.0	-5.198207449073772	1.0	-1.5149169165493608	2.0	-4.112012975177111	1.0		0.0		0.0	-4.939428164156375	2.0		0.0		0.0		0.0	-5.293863320273785	1.0	-6.321336923366563	3.0	-9.822076716091361	1.0		0.0		0.0		0.0	-9.987386687272037	1.0
samp_87	0.38912454160411963	-4.98715223662383	2.0	-2.1632623732772434	1.0		0.0		0.0	-0.5922911663105528	1.0	-4.745340667789078	1.0		0.0		0.0	-1.5130304516696567	1.0		0.0	-4.613608346692995	1.0	-7.87167757428494	3.0	-4.955725232123142	1.0		0.0	-4.232523692178824	2.0		0.0	-5.312711824571572	2.0	-6.345326632076914	1.0		0.0	-10.11062653893701	2.0	-7.278737487606623	1.0	-5.378900105773821	1.0	-10.033169395756586	3.0
samp_88	-0.18593803214890386		0.0		0.0	-4.756733047884705	1.0	-4.5260426871384185	1.0	-0.5923485609929375	1.0	-4.654670837462927	2.0	-4.643678447970372	1.0	-5.114126986762614	2.0	-1.5243314786791387	2.0	-4.075496898715083	2.0		0.0		0.0		0.0	-0.3524309679034209	2.0		0.0		0.0	-5.203002107367887	1.0		0.0	-9.602839596316336	1.0	-9.847461516426064	3.0	-7.114792506200708	2.0	-5.271647080095218	1.0	-9.774644379436843	1.0
samp_89	0.1523557215773444	-4.952324205488168	1.0		0.0	-4.813885319526879	1.0	-4.576913708192831	2.0	-0.5923503960445001	1.0	-4.712367197353942	1.0		0.0	-5.17823969920815	3.0	-1.5171168891290951	2.0		0.0	-4.587671448940029	1.0	-7.8014636355597435	1.0	-4.920491507579463	1.0	-0.3531712743547038	2.0	-4.206847322552746	1.0		0.0	-5.272124832898814	2.0	-6.293978959038975	1.0		0.0	-10.011145412313006	1.0	-7.216311042045221	2.0		0.0		0.0
samp_90	0.44164466205943115	-4.994093334995703	1.0		0.0		0.0	-4.6109110813926035	1.0	-0.5922722147708405	1.0	-4.751892249551574	1.0		0.0	-5.22288593393915	2.0	-1.5122256175530864	1.0		0.0		0.0	-7.8861955927405685	2.0		0.0	-0.3535734154370386	3.0	-4.237545089474902	1.0		0.0	-5.320887350455759	1.0	-6.355810133459146	3.0	-9.889915750947726	3.0	-10.130987890438002	2.0		0.0		0.0	-10.053215448791732	1.0
samp_91	-0.04359958789346239	-4.918867392291239	2.0		0.0	-4.782374223136171	1.0		0.0		0.0		0.0	-4.668136619394682	2.0	-5.142734996607938	2.0	-1.5210912128773468	2.0		0.0	-4.561853318133019	3.0		0.0	-4.886688845445193	1.0		0.0	-4.181462210373449	1.0	-4.664858538440164	1.0		0.0	-6.246377109165432	2.0	-9.675502092653046	1.0	-9.919350664200838	3.0		0.0		0.0	-9.845170213818594	2.0
samp_92	-0.15326262726792306	-4.898204750781971	2.0	-2.179703612828857	1.0		0.0		0.0		0.0		0.0	-4.649501924094087	1.0	-5.120908381657012	3.0	-1.52356282158744	5.0		0.0	-4.545545487341091	1.0		0.0		0.0		0.0	-4.165474548502477	1.0	-4.645580765104707	3.0	-5.21026672238465	1.0		0.0	-9.619892928614119	2.0		0.0	-7.125207751984227	1.0	-5.278770099982835	1.0	-9.791198187447414	1.0
samp_93	0.022671552137427248	-4.930665767899577	1.0	-2.1738630005251696	3.0	-4.793512225803933	2.0	-4.558912220346065	2.0		0.0	-4.691781371434002	1.0	-4.6787273652031045	1.0	-5.155232580175651	1.0	-1.519682060905192	2.0		0.0		0.0	-7.759776360448554	2.0	-4.898609122587176	1.0	-0.3529250204795679	1.0		0.0	-4.675841551110783	1.0		0.0	-6.2629948320624935	1.0		0.0	-9.951347098995411	3.0		0.0	-5.314952574045937	1.0		0.0
samp_94	0.008813253742256328	-4.92823785801117	1.0		0.0	-4.791224295711008	2.0	-4.556880375000816	1.0		0.0	-4.689468722966529	1.0	-4.676554796035822	3.0	-5.152658357945835	1.0		0.0	-4.093452733364271	2.0		0.0	-7.755191709428209	2.0	-4.896157721348485	3.0	-0.35289593955285564	1.0		0.0		0.0		0.0		0.0	-9.7011746965652	1.0	-9.944734825406684	2.0	-7.174975716978681	3.0		0.0		0.0
samp_95	0.08011498396257984		0.0	-2.1720523444856905	2.0		0.0		0.0		0.0		0.0		0.0	-5.165665617036627	1.0		0.0		0.0	-4.578635690931227	5.0		0.0		0.0	-0.3530393507000228	3.0	-4.197944904639305	4.0	-4.684970959167823	1.0	-5.258485262314401	2.0	-6.2769685748782	2.0		0.0		0.0	-7.195830022286664	1.0	-5.325981897470817	1.0	-9.903058636900214	1.0
samp_96	-0.005422371249949384	-4.925722899500664	1.0	-2.1747662083280352	2.0	-4.788851745599457	2.0		0.0	-0.5923676582096221	1.0		0.0	-4.67429574248078	1.0	-5.149994429425395	1.0	-1.5202725513766822	2.0	-4.092274118104714	1.0	-4.567216519319452	1.0		0.0	-4.8936172690640145	2.0		0.0	-4.186717837122804	1.0	-4.67124485250319	1.0	-5.24155615610335	2.0	-6.256015534535309	1.0		0.0		0.0	-7.170728118368648	1.0	-5.30941867382429	2.0	-9.863373915075355	1.0
samp_97	0.32984656585790284		0.0		0.0	-4.838836673576111	1.0	-4.598729864965704	1.0		0.0	-4.737622381709	4.0	-4.72160756673875	1.0		0.0		0.0	-4.115119228103883	1.0	-4.607617000594157	1.0		0.0	-4.947456051015406	2.0	-0.3534374859642701	1.0	-4.226573514498114	2.0	-4.720492143658343	1.0	-5.303131314816458	1.0	-6.3330997454945965	2.0		0.0	-10.08690270423447	2.0	-7.263790768844975	1.0	-5.369564481100859	2.0		0.0
samp_98	0.11544307657730384		0.0	-2.170952614539524	1.0		0.0	-4.571971794229106	1.0	-0.5923514567919923	1.0	-4.7066952536838125	2.0		0.0		0.0	-1.5178263902108315	1.0	-4.1016610121120705	2.0	-4.5831225729367135	1.0		0.0	-4.914452841055396	1.0		0.0	-4.202362877464449	2.0	-4.690389136392469	2.0		0.0	-6.285369962926883	2.0	-9.751558235976375	1.0	-9.994509682977185	1.0	-7.20593090707224	3.0	-5.3325755107440855	2.0		0.0
samp_99	0.11439152855305826		0.0		0.0	-4.8081134067171	2.0	-4.571831108979822	2.0		0.0		0.0		0.0	-5.171702604055842	2.0		0.0		0.0		0.0		0.0	-4.91428052158248	2.0	-0.3530986841419269	3.0	-4.2022334015008775	1.0	-4.690230007383461	1.0	-5.2650332215783555	1.0	-6.28512126331269	1.0	-9.751076432980764	1.0	-9.994032486213667	1.0	-7.20563289626544	3.0	-5.332380234974177	2.0	-9.918497768266768	1.0
