run	log_F	b1I8_log_P	b1I8_weight	b2F5_log_P	b2F5_weight	b2G8_log_P	b2G8_weight	b2B1_log_P	b2B1_weight	b2G4_log_P	b2G4_weight	b2H8_log_P	b2H8_weight	b2A5_log_P	b2A5_weight	b2G3_log_P	b2G3_weight	b2H3_log_P	b2H3_weight	b2F3_log_P	b2F3_weight	b2G7_log_P	b2G7_weight	b2A6_log_P	b2A6_weight	b2B6_log_P	b2B6_weight	b2B4_log_P	b2B4_weight	b2B2_log_P	b2B2_weight	b2B7_log_P	b2B7_weight	b2B5_log_P	b2B5_weight	b2A2_log_P	b2A2_weight
fit	-4.010925258805103	-5.260688412755152	1.0	-2.483631705812366	1.0	-4.991573279680337	1.0	-4.832477958556356	1.0	-0.7096368779254068	1.0	-5.006822444159983	1.0	-5.0223167003229285	1.0	-5.3427229865393295	1.0	-1.8220764851667277	1.0	-4.2949920907229835	1.0	-4.775271568770981	1.0	-7.289514124732992	1.0	-4.538964255447406	1.0	-0.1628588501809916	1.0	-3.7283020049542204	1.0	-4.238093328325415	1.0	-4.763819156998242	1.0	-5.916423016418455	1.0
samp_00	-3.75771407619125	-5.347098926188524	1.0		0.0	-5.076677555744279	1.0	-4.917013814860214	2.0	-0.7442968358662355	2.0	-5.091972730698735	1.0	-5.107681977554233	1.0	-5.429445884774885	1.0		0.0		0.0	-4.859592632877508	1.0	-7.382480783388537	1.0		0.0	-0.21252086896035574	1.0		0.0	-4.321328737356221	2.0	-4.847883105967518	1.0	-6.002627958055317	3.0
samp_01	-3.653710362834499		0.0		0.0		0.0		0.0	-0.7564089858122816	1.0	-5.12880648582448	3.0	-5.144613778977124	1.0		0.0		0.0	-4.412567749574612	3.0	-4.896010054682977	1.0		0.0		0.0	-0.23118405643528278	1.0	-3.8461571912886217	1.0	-4.35716051887327	4.0	-4.884188268709271	2.0	-6.040139773955069	1.0
samp_02	-4.16725390198406	-5.210923471817956	1.0	-2.4440654049717576	1.0		0.0	-4.783635813395471	2.0	-0.6854038156991198	1.0		0.0	-4.973063029947204	1.0		0.0	-1.7887505071150347	3.0	-4.247298523444374	1.0		0.0	-7.237360908884262	2.0	-4.490510763123004	2.0	-0.1298151107069238	3.0		0.0		0.0		0.0	-5.867017304168692	1.0
samp_03	-4.394106075990614	-5.143886937088572	1.0	-2.3888838364769973	2.0	-4.876179823947007	1.0	-4.717667057500472	1.0	-0.6477577337879024	1.0		0.0	-4.906618753922895	2.0		0.0	-1.7407806872485772	1.0	-4.182665038134178	3.0	-4.660681783900925	1.0	-7.168679626992374	2.0	-4.424962478057309	1.0		0.0	-3.6149719386815975	1.0		0.0	-4.649539023762293	1.0		0.0
samp_04	-3.8807852266876033	-5.304236833241817	1.0		0.0		0.0	-4.875120804203464	1.0		0.0	-5.049760135311008	3.0		0.0	-5.386418236514667	1.0	-1.8495479253638607	1.0	-4.336511280762733	2.0	-4.817807931120327	1.0	-7.335978929391115	1.0	-4.581209354565467	1.0	-0.1890743766356154	1.0	-3.7700059343322345	1.0	-4.280140907815924	3.0	-4.806236360800136	1.0		0.0
samp_05	-4.545641315075928	-5.102633285883092	1.0	-2.353894903575486	2.0	-4.8353300458235555	2.0	-4.6769733693473095	1.0	-0.6217460426011532	2.0	-4.850523067956442	1.0		0.0		0.0	-1.7095784138982326	3.0	-4.142675776913308	2.0	-4.620048864016864	1.0		0.0		0.0		0.0		0.0	-4.0839087761149875	1.0	-4.609008797625839	2.0		0.0
samp_06	-4.009213898956021		0.0		0.0	-4.992125745041053	3.0		0.0		0.0		0.0	-5.022872134830159	1.0		0.0	-1.8224361307409729	1.0	-4.295527269749794	5.0	-4.77581646768519	1.0	-7.290111526964061	1.0	-4.539500044570314	1.0		0.0	-3.7288346539684176	2.0		0.0	-4.764358389136383	1.0	-5.916977381417834	2.0
samp_07	-4.686633409520673	-5.066834193846564	2.0	-2.3229194583888173	1.0	-4.7998396618519505	1.0	-4.641600653077627	2.0	-0.5974191231370821	1.0	-4.815028245540115	2.0	-4.830110000231716	1.0		0.0	-1.6814973465419512	1.0	-4.107845474474371	1.0	-4.58472126816119	3.0	-7.091991721560474	2.0		0.0		0.0	-3.539085830448658	1.0		0.0		0.0		0.0
samp_08	-3.8347478532170545	-5.3200878813274874	1.0		0.0		0.0	-4.890615819035815	2.0		0.0		0.0	-5.081015969211081	1.0	-5.402327440515794	3.0	-1.8591468457503522	1.0		0.0	-4.8332732853553875	1.0	-7.353076795611898	2.0		0.0	-0.19806303402289085	2.0	-3.7851233529925565	1.0	-4.295385440657941	2.0	-4.821644668840471	1.0	-5.975617321019148	1.0
samp_09	-4.193464924307161		0.0	-2.437541030508287	2.0		0.0		0.0	-0.6811771138961832	1.0	-4.94971895964702	1.0	-4.965078844189105	3.0	-5.28472451386392	1.0	-1.7831645592001768	1.0	-4.23954898594425	1.0	-4.718625076430582	2.0	-7.229002180671573	1.0	-4.482645052003244	2.0		0.0		0.0		0.0		0.0	-5.8590280232312155	3.0
samp_10	-4.557648902399332	-5.099488893100252	1.0	-2.3511965505735084	2.0		0.0	-4.673866875490018	1.0	-0.6196785708730368	1.0		0.0	-4.8625497366921495	1.0	-5.181121657207529	5.0	-1.7071529952774567	1.0	-4.139617848862725	1.0	-4.616946035697484	1.0	-7.1241942982606545	2.0	-4.381374319653637	1.0		0.0	-3.5713554086236146	1.0		0.0		0.0		0.0
samp_11	-3.959099286526618	-5.277802658246247	1.0	-2.496949646123809	1.0	-5.008447069829145	1.0	-4.84924759000917	1.0		0.0		0.0		0.0	-5.3598935827488345	1.0	-1.8330490056960833	1.0	-4.3113361173087705	3.0	-4.7920018078685525	1.0		0.0	-4.555585258781478	2.0	-0.17345962327463788	1.0	-3.74472937316676	1.0	-4.254637356530109	2.0		0.0	-5.933453639373397	2.0
samp_12	-4.365183818177523	-5.152084428678219	1.0		0.0	-4.884291269293027	1.0	-4.725744571734102	4.0		0.0	-4.899498410660592	1.0	-4.914749724267081	2.0	-5.233822718928049	2.0	-1.7468313753532478	1.0		0.0	-4.668746303240843	1.0	-7.176981649040388	1.0		0.0	-0.08627810214550974	1.0	-3.6229928760249512	1.0	-4.132410568337734	1.0		0.0	-5.808819384741815	1.0
samp_13	-4.1348345493957455		0.0	-2.4521836281921683	2.0	-4.952419008909364	1.0	-4.79354615908498	1.0		0.0		0.0	-4.983052698264889	1.0	-5.302923697067673	1.0	-1.7956683941439626	2.0	-4.256985461783097	4.0		0.0		0.0		0.0		0.0	-3.69003764063412	1.0	-4.19961499908287	2.0	-4.725079384136956	2.0	-5.87701201617754	1.0
samp_14	-4.707347741411068	-5.061784394635318	1.0	-2.3185071991971458	2.0		0.0	-4.6366061070410325	2.0	-0.5938560693615326	1.0	-4.810017679804342	2.0		0.0		0.0	-1.6774658630386141	2.0	-4.1029198371153415	5.0		0.0		0.0		0.0		0.0		0.0	-4.043666954836722	3.0		0.0		0.0
samp_15	-4.114241068778867		0.0	-2.4573606796794585	3.0	-4.958803793767706	1.0		0.0	-0.6938148009367758	1.0	-4.97403831797952	1.0	-4.989473791446121	2.0	-5.3094119146275585	1.0	-1.800049545666902	3.0		0.0		0.0		0.0		0.0	-0.141182078299141	1.0	-3.6962865854444487	2.0	-4.205889707212291	2.0	-4.731396624529509	1.0		0.0
samp_16	-4.212523827874508	-5.197048242695978	2.0		0.0	-4.9287535701183565	1.0		0.0	-0.6780844205535641	1.0	-4.9439760409567235	1.0	-4.95932015291045	2.0	-5.278895617530131	1.0		0.0	-4.233958165812089	1.0	-4.712924210592547	2.0		0.0	-4.47697666077186	1.0	-0.12000122210238089	3.0		0.0	-4.176310799497987	1.0	-4.701646090784325	1.0	-5.853267256637957	1.0
samp_17	-3.8051891034005183		0.0	-2.5369322324943195	1.0	-5.060227728735248	1.0	-4.900679950419944	1.0		0.0		0.0	-5.091176572063681	2.0	-5.4126658291720515	1.0	-1.865249834844277	1.0	-4.361347794077084	2.0		0.0		0.0		0.0	-0.20364777214345792	2.0	-3.794916989614396	3.0	-4.305280053020092	2.0		0.0	-5.985902833270127	2.0
samp_18	-3.9793572994958684		0.0	-2.4917362746819247	3.0	-5.0018182262273	1.0		0.0	-0.7143177226236882	2.0	-5.017072153812849	1.0	-5.032590157822856	1.0	-5.353138954835848	1.0	-1.8287675477530945	2.0		0.0	-4.785431334298763	1.0	-7.300531999465402	1.0		0.0		0.0	-3.7382782890358723	2.0	-4.248140264772264	1.0	-4.77394844150004	2.0		0.0
samp_19	-4.1073206143491685		0.0	-2.4591129822298012	2.0		0.0		0.0	-0.6949064677767745	2.0	-4.97619888624048	1.0		0.0	-5.3116076221615645	2.0	-1.8015349028449412	2.0	-4.265279862798457	2.0	-4.744903191876658	1.0	-7.256883720766921	1.0	-4.508781298192808	1.0		0.0		0.0	-4.208021976452043	2.0		0.0	-5.885604035782545	2.0
samp_20	-4.4401155462949315	-5.131059522325742	2.0	-2.378089702523302	2.0	-4.863479320295211	2.0		0.0	-0.6399018421469471	1.0	-4.878683389163686	1.0	-4.893890904606746	1.0	-5.212753207342889	2.0	-1.7312132565503007	1.0	-4.170246547246668	1.0		0.0	-7.155745219077752	2.0	-4.412383311513671	1.0	-0.06949461190692055	1.0		0.0		0.0		0.0	-5.788083908631625	1.0
samp_21	-4.178255976797228	-5.207527727453258	3.0	-2.441332123299937	2.0		0.0		0.0	-0.683596653302662	3.0	-4.954330192726889	4.0		0.0		0.0		0.0	-4.244038755669037	1.0		0.0	-7.233843439818928	2.0		0.0		0.0		0.0	-4.186516293884354	2.0		0.0	-5.863639953273648	1.0
samp_22	-4.410772862985432		0.0	-2.3849515185041037	2.0	-4.871551691853489	3.0	-4.713057315800938	1.0	-0.6449126576532729	1.0	-4.8867562771008535	2.0		0.0	-5.22092064731233	1.0	-1.7373092724954415	1.0	-4.178139114840472	1.0	-4.656079273063564	1.0		0.0	-4.42037663716594	1.0	-0.07607258365402653	2.0	-3.6103903127344195	1.0		0.0		0.0	-5.79611590291831	1.0
samp_23	-3.6151583718399247	-5.398702994526023	3.0		0.0	-5.127389710152187	1.0	-4.967325191485158	1.0		0.0		0.0	-5.158568809255629	1.0		0.0		0.0		0.0	-4.909758271477199	1.0	-7.439440967261683	2.0	-4.6723616512435795	2.0	-0.23779825577542602	3.0		0.0	-4.370664821693588	1.0	-4.897898120737353	3.0		0.0
samp_24	-4.515987663391403	-5.110480510823099	1.0	-2.36061128928673	2.0	-4.843104169517335	2.0	-4.684720672564541	2.0	-0.6268592566198563	2.0	-4.858300181608598	1.0	-4.873465974568545	1.0	-5.192134200722424	2.0	-1.7156153988849872	1.0		0.0	-4.62778523729035	1.0		0.0		0.0		0.0	-3.5821835432037483	1.0	-4.091622458244647	2.0		0.0		0.0
samp_25	-4.040122208442311	-5.251174563719439	1.0	-2.4761623684466816	2.0	-4.982193292596291	4.0		0.0	-0.7052423455391699	2.0	-4.9974323009352	1.0	-5.012905320736877	1.0		0.0		0.0	-4.285895389865941	1.0		0.0		0.0		0.0	-0.156817876613094	1.0	-3.719146945987536	2.0	-4.228883670492244	2.0		0.0	-5.9069689457022925	1.0
samp_26	-3.964670999847242	-5.275948004240167	1.0	-2.495516980856318	1.0	-5.006617921976226	2.0		0.0	-0.7164544996243999	1.0	-5.021875515611946	3.0	-5.037406904515312	1.0	-5.358032358950177	1.0		0.0	-4.309565466226162	1.0		0.0	-7.305714723600075	1.0	-4.553782294666128	1.0	-0.1723352938832336	1.0	-3.742949771823115	1.0	-4.252846354453833	2.0		0.0	-5.931607086887627	1.0
samp_27	-4.489631870836334	-5.117548689796914	2.0		0.0	-4.850102374812497	2.0		0.0		0.0	-4.865299098021181	2.0	-4.880479338428344	1.0		0.0	-1.7210050561539458	4.0	-4.157150419867652	1.0	-4.634746535255405	1.0		0.0	-4.399120326147035	1.0	-0.0583564241342235	2.0		0.0	-4.098561291302555	1.0		0.0	-5.774771590611355	1.0
samp_28	-3.8367756138133755	-5.319380705669119	1.0	-2.5286859596871363	1.0		0.0	-4.88993069184493	1.0		0.0	-5.064680481688641	2.0	-5.080319208071474	2.0	-5.401621317577539	1.0		0.0		0.0	-4.832584813218039	2.0	-7.352320760654745	1.0	-4.595868513203811	2.0		0.0		0.0	-4.294711247167018	1.0	-4.8209649380079815	2.0	-5.9749152870069615	2.0
samp_29	-3.715587718917813		0.0		0.0	-5.091471200534817	1.0	-4.931693178159573	1.0		0.0	-5.106771284283085	2.0		0.0	-5.444555196177889	1.0		0.0		0.0	-4.874227050507286	4.0	-7.398965143735524	1.0	-4.637167285770805	2.0	-0.2202124354612006	1.0	-3.8250266983195624	1.0	-4.335732470659776	1.0	-4.862476432359246	3.0		0.0
samp_30	-4.211647650794546	-5.197315313515093	2.0	-2.4330349513523717	2.0	-4.929013357975195	2.0	-4.770259343432716	1.0	-0.6782247241947403	1.0		0.0		0.0	-5.27916415532023	1.0	-1.7792916177954636	1.0		0.0	-4.713182222327429	1.0	-7.223266155082617	1.0		0.0	-0.12018614093352663	3.0		0.0	-4.176565349307971	1.0	-4.7019022047239	1.0	-5.853534230538627	1.0
samp_31	-3.958664682687213	-5.277957023812379	1.0		0.0		0.0	-4.849400495290425	4.0	-0.7173356512948508	1.0		0.0		0.0		0.0	-1.8331518438034717	1.0	-4.311469632696188	3.0	-4.792167451157745	1.0	-7.307843541555799	1.0	-4.5557193014590736	1.0		0.0	-3.7448755905136863	1.0		0.0	-4.780653423560823	2.0	-5.9336089318638345	2.0
samp_32	-3.759491068696334		0.0		0.0		0.0		0.0	-0.7440751544220824	1.0	-5.09135331579975	2.0	-5.107064986459654	1.0	-5.428821267914841	3.0	-1.8746231228582144	1.0		0.0	-4.858982218994045	1.0	-7.381789623806163	1.0	-4.622050069463398	2.0	-0.21216844691640024	2.0	-3.810192689280632	1.0	-4.3207226526765155	2.0		0.0	-6.00199900246258	1.0
samp_33	-4.430907838447679	-5.1336065296239495	1.0	-2.3802369856927426	2.0	-4.866004395269573	1.0	-4.707532625303748	1.0		0.0	-4.881204140244429	3.0	-4.896419499278212	1.0	-5.215302017010653	2.0		0.0	-4.172716266732124	1.0	-4.6505626242444125	2.0		0.0	-4.4148807205568295	2.0		0.0		0.0	-4.1143105782585785	1.0	-4.639441688175733	1.0		0.0
samp_34	-3.4335682110534984		0.0		0.0	-5.194594950588935	1.0	-5.033925620307015	1.0		0.0	-5.209973740388063	1.0	-5.226019979317465	1.0	-5.550160902578313	1.0	-1.9371630047137407	1.0		0.0	-4.976134042866357	1.0	-7.516836253575329	2.0	-4.738030034710713	1.0	-0.2667336201476039	1.0	-3.9234498946047838	1.0	-4.435722182076831	3.0	-4.964048591824439	2.0	-6.123322416506076	1.0
samp_35	-3.7744915113220503	-5.341166279162254	1.0	-2.544940463594355	1.0	-5.070840402261366	1.0	-4.911225575802185	2.0	-0.7422130195785133	2.0		0.0	-5.101817176163297	3.0		0.0		0.0		0.0		0.0	-7.375972166116836	1.0		0.0	-0.20939844781137681	1.0	-3.805161470388459	2.0	-4.315637298542225	1.0	-4.842128534190261	1.0	-5.996695687336592	2.0
samp_36	-3.832586100522636		0.0	-2.529791592614052	1.0	-5.050826165323222	1.0		0.0		0.0	-5.066105836817244	1.0	-5.081776657979839	2.0	-5.403087088202318	1.0	-1.8596182550116465	1.0	-4.3522916380707715	2.0		0.0	-7.353925413257126	4.0		0.0	-0.1984199166567398	1.0	-3.7858331671811394	2.0	-4.2960960333839076	1.0		0.0	-5.97636269713622	1.0
samp_37	-4.476973738894057	-5.120972388144484	1.0	-2.3695453257273607	2.0	-4.853494761374826	1.0		0.0	-0.6335785723853015	1.0	-4.8686930396955805	1.0	-4.883880036392599	1.0	-5.202646414860732	2.0	-1.723605112468574	3.0	-4.160474605874276	1.0	-4.6381218579999945	1.0	-7.145622206000451	1.0	-4.402484514266366	1.0		0.0		0.0	-4.101924874952091	1.0	-4.62703775291901	1.0		0.0
samp_38	-4.1894241898214		0.0		0.0		0.0		0.0		0.0	-4.950935979468319	1.0	-4.96630435051842	2.0	-5.285965919676567	2.0		0.0	-4.240740196480335	2.0	-4.719838222486475	4.0		0.0	-4.483851873113162	1.0	-0.12501805780113065	2.0	-3.6736670935165727	1.0	-4.1831746719414165	1.0	-4.708537968256732	1.0	-5.860251351655632	1.0
samp_39	-4.102743448175773	-5.231125188153079	2.0	-2.4602696380549207	1.0		0.0	-4.803471211495949	2.0	-0.6956189245389821	1.0		0.0	-4.993058922183806	1.0		0.0	-1.8025074873408926	2.0		0.0	-4.746323284870788	3.0	-7.258402768906028	1.0		0.0		0.0		0.0	-4.209426750844993	2.0	-4.734941730312041	2.0	-5.887043863842994	1.0
samp_40	-3.3228982401507916		0.0		0.0		0.0	-5.075765179231634	2.0	-0.7847186487493192	1.0		0.0	-5.268452034500515	1.0	-5.593592415266362	2.0		0.0		0.0		0.0	-7.566641280716867	3.0	-4.779204827024436	1.0	-0.28243311876599975	2.0		0.0		0.0	-5.00558692701562	2.0	-6.166976096198438	4.0
samp_41	-3.6322272471775867	-5.39242376797547	1.0		0.0		0.0	-4.961204215507662	3.0	-0.7587563432614206	3.0		0.0		0.0	-5.474968143632082	1.0	-1.900071244178171	1.0		0.0		0.0	-7.432445826578836	3.0	-4.666322405292902	2.0	-0.2348908352425175	1.0	-3.853591949418879	1.0	-4.364676703703173	1.0		0.0	-6.048037031646848	1.0
samp_42	-3.7765379328082473	-5.340445652696367	2.0	-2.5444113663157975	1.0	-5.070127593567601	1.0	-4.910509998958995	1.0		0.0	-5.08541882255131	1.0		0.0	-5.4227649718507465	1.0	-1.8711465899203787	1.0	-4.370889548484082	1.0		0.0	-7.375196392118723	3.0		0.0	-0.2090294178351294	1.0		0.0	-4.314941066811349	2.0	-4.841427489905309	1.0	-5.995963912326094	2.0
samp_43	-3.6286411450447127		0.0	-2.5831000021312587	1.0	-5.122510383279738	3.0	-4.9624840373816905	3.0		0.0		0.0	-5.153667829009877	1.0		0.0	-1.9007759833562594	1.0		0.0		0.0	-7.4339145445435735	2.0	-4.667580607724121	1.0		0.0	-3.8548094691465393	2.0	-4.365919658818189	1.0	-4.893085415722617	2.0	-6.049366036739674	1.0
samp_44	-3.9634358262800875	-5.276356618827968	1.0	-2.4958325519890447	1.0	-5.007026116332175	1.0		0.0	-0.716641525878445	3.0	-5.022282849558712	1.0	-5.037815436426202	3.0	-5.358442901974558	1.0		0.0		0.0		0.0	-7.3061492068521465	3.0		0.0	-0.172582302163771	1.0	-3.7433645558805924	1.0		0.0		0.0	-5.932019035072179	2.0
samp_45	-3.844517499205673	-5.3166968882288375	1.0	-2.5266646798650174	3.0	-5.046763317311532	3.0		0.0	-0.7331810313778504	1.0	-5.062039921259778	1.0		0.0	-5.398925362998588	1.0		0.0		0.0		0.0	-7.349421313101342	1.0		0.0	-0.1961239554634616	2.0	-3.781906875419113	1.0	-4.292128811230744	2.0	-4.8183584968760425	2.0		0.0
samp_46	-4.435175511314364	-5.132423496054503	1.0	-2.3792376162172997	2.0	-4.864832527814386	1.0	-4.7063668227696915	4.0	-0.6407466934107973	2.0		0.0		0.0		0.0		0.0	-4.171567989693017	1.0	-4.649400247516566	2.0	-7.157121957884316	1.0	-4.413722767181064	2.0	-0.07059832409976902	1.0		0.0	-4.1131521236541655	1.0		0.0		0.0
samp_47	-3.4978805997089655		0.0		0.0		0.0		0.0	-0.7717945767405985	1.0	-5.1858382511849594	2.0	-5.201810178233022	1.0	-5.525421863023931	1.0	-1.925563595352839	1.0	-4.467104339252148	1.0	-4.952322222720824	1.0	-7.4888140503520315	2.0		0.0	-0.2569366181034044	1.0	-3.900567930397817	2.0	-4.41240914478504	2.0	-4.94031723364749	2.0	-6.0985179166266645	1.0
samp_48	-3.4828703016678073	-5.448353536692561	1.0		0.0	-5.1760868767435895	1.0		0.0	-0.7730905842207116	2.0	-5.191437921235329	2.0		0.0		0.0	-1.9283164426005144	1.0		0.0	-4.957854873498722	2.0	-7.495290252871962	1.0	-4.719956410199496	1.0		0.0	-3.905889239143049	2.0		0.0	-4.94582675272284	2.0	-6.104273605251738	3.0
samp_49	-3.6794861614887684		0.0		0.0	-5.104268571528233	1.0	-4.944393249634799	1.0	-0.753563853198626	3.0	-5.119580960609618	1.0		0.0	-5.4576379763769935	1.0	-1.8907458316515116	1.0	-4.403721637109065	2.0		0.0		0.0	-4.649716283547618	1.0	-0.22668319131219988	1.0	-3.837327255086597	1.0	-4.348197831740335	2.0	-4.875106354885091	1.0	-6.030729547455495	2.0
samp_50	-3.9010674644408723	-5.297325575640855	1.0	-2.511965096941725	2.0	-5.027684164323192	1.0		0.0	-0.7254808972288984	1.0		0.0	-5.058535444525168	1.0	-5.379484208449702	1.0	-1.8452968354761363	1.0		0.0	-4.81106776755792	3.0	-7.328557194763056	1.0		0.0		0.0	-3.763419430899274	1.0	-4.273476830794921	1.0	-4.7995094870379	3.0	-5.9529083545980805	1.0
samp_51	-4.167992805301454		0.0		0.0	-4.942230991544931	1.0	-4.783411006549179	3.0		0.0	-4.957460125215229	2.0	-4.972839992226853	2.0	-5.292586349935011	1.0	-1.7885919853107435	1.0	-4.2470797109758225	1.0	-4.726307492834422	1.0	-7.237123202854054	3.0	-4.490284534005434	1.0		0.0	-3.680047525835494	2.0		0.0		0.0		0.0
samp_52	-3.6180010769852458	-5.397661565734279	1.0	-2.5858805801087117	1.0	-5.126357146539357	2.0		0.0	-0.7602360979368635	1.0	-5.141684775172744	2.0		0.0		0.0	-1.902850192406804	1.0		0.0	-4.908733470899413	1.0	-7.438275741282558	2.0	-4.671349153979204	3.0		0.0	-3.8584912336133876	1.0	-4.3696583708833225	1.0	-4.8968760091919625	1.0	-6.0532938515659005	1.0
samp_53	-3.6186262508262943		0.0	-2.585722445402043	2.0	-5.126129366585869	1.0		0.0	-0.7601985041738237	2.0		0.0	-5.157301576146459	1.0	-5.479993553985237	1.0		0.0	-4.424697337336922	1.0		0.0		0.0	-4.671129365102369	2.0	-0.2372018305791133	3.0	-3.858278330437979	1.0	-4.369439321148802	1.0	-4.896652197080007	1.0	-6.053068003645397	2.0
samp_54	-4.3374570552111305	-5.160033752536028	1.0		0.0	-4.892159551099618	2.0		0.0		0.0	-4.907370723933255	3.0	-4.922636349428441	1.0	-5.241794937544464	2.0		0.0	-4.198282873013214	1.0	-4.676567957741763	3.0	-7.185063127880822	1.0		0.0	-0.09245284341998716	1.0	-3.6307784368567497	1.0		0.0		0.0	-5.816673788032537	2.0
samp_55	-3.7205134087460094	-5.360376297249613	2.0	-2.55907348278727	1.0	-5.0897308147729845	1.0		0.0	-0.7487829124799197	3.0	-5.105034244233715	1.0		0.0		0.0		0.0	-4.389749138267362	1.0	-4.872507820464459	1.0		0.0	-4.635458552219051	2.0	-0.21932723151210243	1.0		0.0	-4.334042505041232	2.0	-4.860763396739113	2.0	-6.015910949908416	1.0
samp_56	-4.317910788415729	-5.165703248193377	2.0	-2.407072114038382	2.0		0.0	-4.73915555299724	4.0		0.0	-4.912974473398356	1.0		0.0		0.0		0.0	-4.203745358536662	2.0		0.0	-7.190827777771531	3.0	-4.446328115065075	1.0	-0.0968008062928798	2.0		0.0		0.0		0.0	-5.822276236069308	1.0
samp_57	-4.280650587068528	-5.176642448702203	2.0		0.0	-4.9085669912412335	2.0		0.0	-0.6668628466282194	2.0	-4.923786371210821	1.0	-4.939090949258156	1.0	-5.258428409129614	2.0		0.0	-4.214292990735037	2.0	-4.692878389770153	1.0		0.0	-4.4570218426837815	1.0	-0.10505242525794356	1.0		0.0		0.0	-4.681648499137173	1.0	-5.833073039415666	2.0
samp_58	-3.4250740164277755	-5.470529759551724	1.0		0.0	-5.19780444814598	1.0	-5.0371017694373705	1.0	-0.7777600577462361	2.0		0.0		0.0	-5.553456521267456	1.0	-1.9386574230987563	1.0	-4.493168302178598	1.0		0.0	-7.520585680631591	2.0	-4.741161275279462	2.0		0.0	-3.92649366848915	2.0	-4.43881572740895	1.0	-4.967203766008569	1.0	-6.126638995753421	2.0
samp_59	-3.7931994996582032	-5.3345795461635825	1.0	-2.540058683233385	3.0	-5.064359109137036	1.0		0.0		0.0		0.0	-5.095323168545301	1.0	-5.416880408849958	2.0	-1.8677329716201436	1.0		0.0		0.0	-7.3688121127712405	1.0		0.0	-0.20590518955652581	2.0	-3.798910131400055	1.0	-4.309315829575393	3.0	-4.835732508098306	2.0		0.0
samp_60	-3.755540646497737		0.0		0.0		0.0	-4.917767442244071	4.0		0.0		0.0	-5.108451499951798	1.0	-5.430234459636284	1.0		0.0	-4.377925768434487	1.0	-4.860360898442643	2.0	-7.383328736530056	1.0		0.0	-0.21292375836251248	1.0	-3.8115273714214024	2.0		0.0	-4.848642911688091	1.0	-6.00339460418188	4.0
samp_61	-3.4947612752628983		0.0	-2.6179566694517944	1.0	-5.171634422673345	1.0		0.0	-0.7720814673689799	1.0		0.0	-5.202978217421772	1.0	-5.526616066705473	2.0	-1.926155090276371	1.0		0.0		0.0	-7.49013803334285	4.0	-4.715630425733419	4.0	-0.25740378967516286	1.0		0.0	-4.413526686986697	1.0	-4.941454035294316	1.0		0.0
samp_62	-4.3185681904959665	-5.165511931777719	1.0		0.0	-4.897575949652301	1.0	-4.73897219804286	1.0	-0.6605326310406698	1.0		0.0	-4.928067177744465	2.0		0.0	-1.7566280860879921	2.0	-4.203566802656749	2.0	-4.681959119544928	2.0		0.0		0.0	-0.09665141185726882	2.0	-3.6361100943362894	1.0		0.0		0.0	-5.822082069949009	3.0
samp_63	-3.9416272056069497	-5.283633545876832	1.0		0.0		0.0	-4.854964999546411	2.0	-0.7197577869731628	2.0	-5.029463342304167	1.0		0.0		0.0	-1.836755694710641	5.0		0.0		0.0		0.0	-4.561241828068819	1.0	-0.1769787357332278	2.0		0.0		0.0	-4.786191351321419	2.0	-5.93927216067496	2.0
samp_64	-4.928284021337948	-5.0112642302881785	5.0	-2.27373936502638	2.0		0.0		0.0		0.0		0.0	-4.774838626747623	2.0	-5.092774541617475	1.0	-1.6361340047795712	1.0	-4.053531642357819	1.0	-4.5297623225082635	2.0	-7.038205973993541	1.0		0.0	0.039199040352488	2.0		0.0	-3.9936779071360013	1.0		0.0		0.0
samp_65	-3.7285736420649735		0.0		0.0	-5.086891199480525	2.0	-4.927145678764756	1.0	-0.7478276281404085	2.0		0.0	-5.117928602208856	1.0	-5.439883055971342	1.0	-1.8809012600236412	1.0	-4.387028321076608	2.0		0.0	-7.393856814857256	1.0		0.0	-0.2178673586135265	1.0	-3.8206161994405896	1.0	-4.331286896322353	2.0	-4.8579664332826455	3.0		0.0
samp_66	-3.990015039483034		0.0	-2.4889979283313943	2.0		0.0	-4.839207813553935	2.0	-0.7127416415497929	1.0	-5.013596657105588	3.0	-5.029107884449107	1.0	-5.349613680305558	2.0	-1.8265096748363012	1.0		0.0		0.0		0.0	-4.545634978570468	1.0		0.0		0.0	-4.244735437041322	2.0	-4.770514759289296	2.0	-5.9232584575804	1.0
samp_67	-4.4832482037920975	-5.11927341775043	1.0	-2.3681005917085245	1.0	-4.851813313027746	2.0	-4.693394952475621	2.0	-0.6324997428547139	5.0		0.0	-4.882193674762864	3.0		0.0		0.0		0.0	-4.63644775618708	1.0	-7.14391912888336	1.0		0.0		0.0	-3.590828204954735	1.0	-4.100255660105171	1.0		0.0		0.0
samp_68	-3.8246581814075804	-5.323583885385554	1.0	-2.531841789452113	1.0	-5.053539366997953	1.0	-4.894043240184662	2.0	-0.7357960299636607	1.0		0.0	-5.084469989027162	1.0	-5.4058444715671135	2.0		0.0		0.0	-4.836684592191308	1.0	-7.356874825654648	1.0		0.0	-0.1999400649992218	1.0		0.0	-4.298753488364326	2.0	-4.82505267014474	2.0	-5.979119315463127	2.0
samp_69	-4.3433067359517805	-5.158354083801949	1.0	-2.40098785435984	1.0	-4.890506528407144	2.0	-4.731924070334075	1.0	-0.6563677695684393	2.0		0.0		0.0		0.0	-1.751436150913196	1.0	-4.19664031579237	3.0	-4.674915923861659	1.0	-7.183344222866627	1.0	-4.439142553590405	2.0	-0.09114698057386686	2.0		0.0		0.0	-4.663736863909708	1.0		0.0
samp_70	-3.51042044310955		0.0		0.0	-5.1657982285949	2.0	-5.005411201496519	1.0		0.0	-5.181169477680654	1.0	-5.197126333741933	1.0		0.0		0.0		0.0	-4.9477078637063	2.0	-7.483419297720215	4.0	-4.709928934063409	2.0	-0.2549426663373734	1.0	-3.896129832631357	2.0		0.0	-4.935724442145479	1.0	-6.093729573743544	1.0
samp_71	-4.549490947280164	-5.101623309366214	1.0	-2.3530265672008026	1.0	-4.834330506791329	3.0	-4.675976345981527	1.0	-0.6210819390793461	1.0		0.0	-4.864670055795535	2.0	-5.183259544535381	1.0		0.0	-4.141693949307635	2.0	-4.619053061409781	2.0		0.0	-4.383475902374201	1.0	-0.04487591039444668	1.0	-3.5734620938216173	2.0		0.0		0.0		0.0
samp_72	-4.176783079331514		0.0		0.0	-4.939550505058886	3.0	-4.780734992195779	1.0	-0.683875409500186	2.0		0.0	-4.970157874294258	3.0		0.0		0.0	-4.244467985403152	1.0	-4.723641228503998	2.0	-7.234300485743932	2.0		0.0	-0.12776344522250466	1.0	-3.67741684939795	1.0	-4.186944863237827	1.0		0.0	-5.864092562283307	1.0
samp_73	-4.427574255699067		0.0	-2.3809993340188513	1.0	-4.866919602316839	3.0	-4.7084397786027425	3.0	-0.6420400102868542	2.0	-4.882124765202241	2.0		0.0	-5.216230333744691	2.0	-1.7338575218447052	1.0		0.0		0.0		0.0	-4.415784886607432	3.0	-0.07229503279211143	1.0		0.0		0.0		0.0		0.0
samp_74	-4.253263190646425	-5.184773184196881	1.0	-2.422790324341333	1.0	-4.916618853164523	2.0		0.0		0.0	-4.931836551536731	1.0	-4.947157810363418	1.0	-5.266589636975406	1.0		0.0	-4.2221388537140765	2.0	-4.700871657837025	3.0	-7.21035101048812	1.0	-4.46498066429923	1.0	-0.11107790854273224	1.0	-3.6548778811723643	1.0		0.0	-4.689625219782256	1.0	-5.841119640943793	1.0
samp_75	-3.9991197282738105	-5.264560079795111	3.0		0.0	-4.9953877267542	1.0	-4.836279273616853	2.0	-0.7113901423931785	1.0	-5.0106389411893115	1.0	-5.026137407669786	2.0	-5.346606165108718	1.0	-1.8245651067917736	1.0		0.0		0.0		0.0	-4.54272038299318	1.0		0.0	-3.7320141813819907	1.0		0.0	-4.767597987619499	2.0	-5.920276628496839	2.0
samp_76	-4.2937974581126195	-5.1727572106533035	1.0	-2.412905274679923	3.0	-4.90474023191508	1.0	-4.746103423026375	1.0		0.0		0.0	-4.93524836590772	1.0	-5.254544552716619	1.0	-1.7618652536925106	4.0	-4.210558646568892	1.0		0.0		0.0		0.0		0.0		0.0	-4.152620188577729	1.0	-4.677856665754687	1.0	-5.8292401739647906	3.0
samp_77	-3.586291604288206	-5.409398673400693	1.0	-2.594162286895698	1.0		0.0	-4.977728435958351	1.0	-0.7634928386657821	2.0		0.0	-5.169093747483241	2.0	-5.4920195236448714	1.0		0.0	-4.43594954241947	1.0		0.0		0.0	-4.682633403694999	2.0		0.0	-3.869508391621625	2.0	-4.380837882525658	1.0	-4.908228424841948	1.0	-6.06508922459815	3.0
samp_78	-4.161847824226918		0.0	-2.4454149568565575	2.0	-4.944110378232744	4.0		0.0	-0.6862691277673569	1.0		0.0		0.0		0.0	-1.7899047776438843	4.0		0.0	-4.728174338669117	1.0	-7.239098525493628	1.0	-4.492141906199762	1.0	-0.13098507550453273	1.0		0.0	-4.191437764128876	2.0		0.0	-5.868674684520734	1.0
samp_79	-4.002758360752472	-5.2633642185652425	3.0	-2.485726199176224	1.0		0.0		0.0	-0.7108562399423789	2.0	-5.009460695371076	2.0		0.0	-5.34540826604608	2.0	-1.8238090922617207	1.0		0.0	-4.777887675985839	1.0		0.0	-4.541563959470886	3.0		0.0	-3.730874130051181	2.0		0.0	-4.766426797439223	1.0		0.0
samp_80	-3.6423593041080027		0.0		0.0		0.0	-4.957578754682256	2.0		0.0	-5.132891724774919	1.0	-5.148713072575028	1.0		0.0	-1.8980997655668372	2.0		0.0	-4.900040610882168	3.0	-7.428316194455763	1.0		0.0		0.0	-3.8500658353258332	1.0	-4.361119854626134	3.0	-4.888211447638172	2.0	-6.044307062831674	2.0
samp_81	-4.233482540269879	-5.190710362162743	2.0	-2.427652629581771	2.0	-4.922489554250819	1.0	-4.7637641590899396	3.0		0.0	-4.937709856057489	1.0	-4.953044309087339	1.0		0.0	-1.7746481813765467	1.0	-4.227853946714417	1.0		0.0	-7.216467453783921	1.0	-4.470781136116402	1.0	-0.11541065027278503	1.0	-3.6606502069684703	3.0		0.0		0.0		0.0
samp_82	-3.7763311456022244		0.0		0.0	-5.070204869220709	1.0	-4.91058647871992	1.0	-0.7419862364197041	3.0	-5.085496126234257	1.0	-5.101187189042307	1.0	-5.422836613957254	1.0	-1.871188240407277	1.0		0.0	-4.853181209963293	2.0	-7.375282120722446	1.0		0.0		0.0	-3.8045467562812054	2.0	-4.315014152028099	2.0		0.0	-5.99603989098141	2.0
samp_83	-4.12374453767547	-5.224488439986636	1.0	-2.454971295592376	1.0	-4.955848738407997	2.0	-4.796960082497687	1.0	-0.6923290046358558	1.0	-4.971079203913952	2.0		0.0	-5.306412482863021	1.0		0.0	-4.260322318423595	2.0	-4.739830217893027	1.0	-7.251475199085691	1.0		0.0	-0.13915811587855798	1.0		0.0		0.0	-4.72847310266912	2.0	-5.880472205283575	2.0
samp_84	-3.550531994695796		0.0	-2.603481345342363	1.0	-5.150982115199978	1.0		0.0	-0.7669703156695153	1.0		0.0	-5.182237793206095	2.0	-5.505439223870524	1.0	-1.9157711684041057	1.0		0.0	-4.933073112505283	1.0		0.0	-4.695445260617854	4.0	-0.24854520992099624	1.0	-3.8820107072003336	1.0	-4.393534470857604	1.0	-4.9211365521910935	2.0	-6.0785050872572075	1.0
samp_85	-3.9273692531671687		0.0		0.0		0.0	-4.859664392824696	3.0	-0.721809001346481	1.0	-5.034179465698656	2.0	-5.049734441011459	1.0		0.0	-1.8397661101915028	1.0	-4.321469445979548	1.0	-4.802379610888889	2.0		0.0		0.0	-0.17984220159899594	1.0		0.0	-4.2648906048029795	3.0	-4.790848279244337	3.0		0.0
samp_86	-4.089521501777059		0.0	-2.463599216965146	2.0		0.0	-4.807586406956708	1.0	-0.6977198155405545	1.0	-4.981795348712596	2.0	-4.997210676280836	1.0		0.0	-1.8053064542581825	1.0	-4.270702719076995	3.0		0.0	-7.262789626973515	2.0	-4.5142786337261995	1.0	-0.14643489459779835	1.0	-3.7038544096666515	1.0	-4.213502326096826	1.0	-4.739050283848888	1.0		0.0
samp_87	-3.7300281352539297		0.0	-2.5565852487530254	1.0	-5.086371544488	2.0	-4.926648247625958	1.0	-0.7476367286160874	1.0		0.0		0.0	-5.439363541848782	2.0		0.0		0.0	-4.86919978950011	2.0	-7.39328005174477	2.0	-4.632188057009438	2.0	-0.2176445410243713	1.0	-3.8201315044124744	2.0	-4.33078623895029	1.0		0.0	-6.012506901664095	1.0
samp_88	-3.5201360521433247		0.0		0.0	-5.162213083923561	2.0	-5.001854711899821	1.0	-0.7697984600964697	1.0	-5.177578078848781	1.0		0.0	-5.516957004339192	1.0	-1.9214489884115011	1.0	-4.4592192045000525	1.0		0.0	-7.479271652236166	2.0	-4.706417972596384	1.0	-0.253435538537159	1.0		0.0	-4.404413707164459	3.0	-4.932186047634776	1.0	-6.090017369842372	2.0
samp_89	-4.1160921171692655	-5.226900563172517	2.0		0.0		0.0	-4.799329048245938	1.0	-0.6935255008487751	1.0	-4.973467351351524	1.0	-4.988883417796337	1.0		0.0	-1.7996669370317369	1.0	-4.262639444525728	2.0	-4.742195214625174	2.0		0.0		0.0	-0.14078775193708323	2.0		0.0	-4.205338056945573	2.0	-4.730834013618617	1.0	-5.882859545111676	2.0
samp_90	-4.018251051612494	-5.258293452199057	1.0		0.0	-4.98920793430833	2.0		0.0	-0.7085505754591968	1.0	-5.00445851977047	1.0		0.0		0.0	-1.8205154023234038	2.0	-4.292700023467378	3.0	-4.772928201983573	1.0	-7.286973269231629	1.0	-4.536634809276957	1.0	-0.16135010580158238	1.0	-3.725995603334217	2.0		0.0		0.0	-5.914041005156893	2.0
samp_91	-4.102753394578108	-5.231113704355081	1.0		0.0	-4.962389980046756	1.0	-4.80346049285355	1.0	-0.6956100165485385	3.0	-4.97762606425232	1.0	-4.993051923752277	1.0		0.0	-1.8025125560135802	2.0	-4.266675616218365	2.0	-4.746315964087198	1.0		0.0		0.0		0.0	-3.699800120829653	2.0	-4.209427569907447	2.0	-4.734948076023433	1.0		0.0
samp_92	-4.354142581964475	-5.155238577576105	2.0		0.0	-4.887415360280715	2.0		0.0		0.0	-4.902623381504415	2.0	-4.917882089569729	2.0		0.0	-1.7491441482508818	3.0	-4.19364519158556	1.0	-4.671852877543646	2.0		0.0		0.0		0.0	-3.6260781435853273	3.0		0.0	-4.660673033978905	1.0		0.0
samp_93	-4.162484154976238		0.0	-2.445255629526716	3.0	-4.943916568969678	1.0	-4.785085785311121	2.0		0.0	-4.959145131664534	1.0	-4.974527979646144	1.0		0.0	-1.7897685302550965	1.0	-4.248716353578801	1.0	-4.727979747431402	2.0	-7.238892995280501	1.0	-4.491952123656494	2.0		0.0	-3.681695933497696	1.0		0.0	-4.716658999841295	2.0		0.0
samp_94	-4.127516348788695	-5.2233017780484765	1.0	-2.4540221783072464	1.0	-4.954682658683449	2.0		0.0	-0.6917230451881027	2.0	-4.969913847221537	1.0	-4.985322057561962	3.0		0.0		0.0	-4.259187871861592	1.0	-4.7386692895398	1.0		0.0	-4.502580256477128	1.0	-0.13835315616422608	1.0	-3.6922528445461125	1.0	-4.201844074186731	1.0		0.0	-5.879291400717043	2.0
samp_95	-3.645450957666709	-5.387576157800202	2.0	-2.5786855698937594	1.0		0.0		0.0		0.0	-5.131771898252776	3.0		0.0		0.0	-1.8974802911832096	1.0		0.0	-4.8989455501086	1.0	-7.4270541417695375	1.0	-4.661654549429588	2.0	-0.2326067796703804	2.0		0.0	-4.360037246999152	1.0	-4.887111565705684	1.0	-6.043174055819474	3.0
samp_96	-3.508948767940794		0.0	-2.614269246480879	2.0		0.0	-5.005945083188607	1.0		0.0		0.0	-5.1976679317143475	1.0		0.0	-1.9235389741313829	2.0	-4.46318243886204	1.0		0.0	-7.484055264598097	1.0		0.0	-0.2551942115469792	2.0	-3.896655658950504	1.0	-4.4084295211736855	6.0	-4.936267208317893	1.0		0.0
samp_97	-3.9066844600981074		0.0	-2.51051304259265	1.0	-5.025811908852238	1.0	-4.866490121482108	1.0	-0.7245558807159265	1.0	-5.041071836776608	2.0	-5.056642747331119	1.0		0.0		0.0	-4.328124050943495	2.0	-4.809207250180149	2.0		0.0	-4.572678692039842	1.0		0.0		0.0	-4.271641047220299	4.0	-4.797658737284767	2.0		0.0
samp_98	-4.634750089306205	-5.079717935913327	1.0	-2.3341322955879433	2.0	-4.812616808496975	2.0	-4.654336449792069	1.0	-0.6063591647727501	1.0	-4.827805867431899	1.0		0.0	-5.1613167062213225	2.0	-1.6917107801462112	2.0	-4.120390223122783	1.0	-4.597441251808705	1.0	-7.104642556064455	2.0		0.0	-0.02569674026962797	1.0		0.0	-4.061353347682483	1.0		0.0		0.0
samp_99	-4.069288720179913	-5.241784264661556	1.0		0.0	-4.972917976307297	1.0	-4.813929624249665	1.0	-0.7008029254497863	1.0	-4.988158780231637	1.0	-5.003609605113549	1.0		0.0		0.0	-4.276894835572086	4.0	-4.75676373735346	1.0	-7.26957701129459	1.0	-4.520569878603364	1.0	-0.15068646421760123	1.0	-3.7100889377988415	1.0	-4.2197711507522	1.0	-4.745362517646185	1.0	-5.897624868359174	1.0
