run	log_F	b1I8_log_P	b1I8_weight	b2F5_log_P	b2F5_weight	b2G8_log_P	b2G8_weight	b2B1_log_P	b2B1_weight	b2G4_log_P	b2G4_weight	b2H8_log_P	b2H8_weight	b2A5_log_P	b2A5_weight	b2G3_log_P	b2G3_weight	b2H3_log_P	b2H3_weight	b2F3_log_P	b2F3_weight	b2G7_log_P	b2G7_weight	b2A6_log_P	b2A6_weight	b2B6_log_P	b2B6_weight	b2B4_log_P	b2B4_weight	b2B2_log_P	b2B2_weight	b2B7_log_P	b2B7_weight	b2B5_log_P	b2B5_weight	b2A2_log_P	b2A2_weight
fit	-1.9079849675001697	-5.081715561365811	1.0	-2.4294843456692856	1.0	-4.816439332828303	1.0	-4.697597880257605	1.0	-0.652181592823885	1.0	-4.776543396156043	1.0	-4.844381829015442	1.0	-5.1962703325387	1.0	-1.7138889233546644	1.0	-4.206796411924294	1.0	-4.643462871377692	1.0	-7.596570226723002	1.0	-4.741978468606095	1.0	-0.33822078604727646	1.0	-4.040425810014125	1.0	-4.50180727682486	1.0	-4.997384742492909	1.0	-6.07493542157108	1.0
samp_00	-1.825447743493402	-5.113376383922532	2.0		0.0		0.0	-4.727511201034538	1.0	-0.6505704474311418	1.0	-4.8071941117147725	2.0		0.0		0.0	-1.7087216676695403	1.0	-4.233187960657999	1.0	-4.672941007948299	2.0	-7.63972875631024	2.0		0.0	-0.3405522836359801	2.0	-4.068399041387073	1.0		0.0	-5.029322304964264	1.0	-6.10988406974957	2.0
samp_01	-1.7384758037572159	-5.146401987581666	1.0		0.0	-4.879089549407355	1.0	-4.758583295789676	1.0		0.0	-4.83908423834856	1.0	-4.906811968026658	2.0	-5.261954662409138	4.0		0.0		0.0		0.0		0.0	-4.80494977181308	1.0	-0.34271187226177796	1.0		0.0	-4.562952826202121	2.0	-5.062648345870803	3.0	-6.146563727217095	1.0
samp_02	-1.8737941621938352	-5.094866193057765	1.0	-2.430220319283493	3.0	-4.82919799847603	1.0		0.0		0.0	-4.789286045429244	2.0	-4.857103728814349	2.0		0.0		0.0	-4.21780384866027	1.0		0.0	-7.614394397306846	2.0	-4.7548022994010815	1.0	-0.339222026058315	1.0	-4.052070477181943	2.0		0.0	-5.010647404692131	1.0	-6.089428197695569	1.0
samp_03	-1.5686976227988576	-5.209687299164995	1.0		0.0		0.0	-4.817753686810985	1.0	-0.6447641260616013	1.0		0.0		0.0		0.0	-1.6888460884694527	3.0	-4.311254185790544	1.0	-4.761696839072159	1.0	-7.775789261743506	2.0	-4.866294533892973	1.0		0.0	-4.151820530393485	1.0	-4.622239506165133	1.0	-5.126530163733736	2.0	-6.217564920519383	3.0
samp_04	-1.864205287857715	-5.098549044032539	2.0	-2.430381934713448	1.0	-4.832768770324347	1.0	-4.713515162345767	1.0		0.0	-4.792847115406732	1.0	-4.860656494065892	1.0	-5.213349257285655	1.0	-1.7112385994941188	1.0		0.0	-4.659154859844281	1.0	-7.619411927657783	1.0		0.0	-0.3394994374457701	2.0	-4.055327757097266	1.0	-4.517767594453656	2.0		0.0	-6.093487486827499	2.0
samp_05	-1.9182257704286916	-5.077766571380811	1.0	-2.429205645334758	1.0		0.0	-4.693867478937444	1.0	-0.6523698570916565	1.0	-4.7727199277153165	1.0	-4.840565973208937	1.0		0.0	-1.714475112354458	2.0	-4.203496144731823	1.0	-4.639787705477472	1.0	-7.591211756132593	2.0		0.0	-0.337902755952289	1.0	-4.036916496681736	3.0	-4.498062362335287	2.0		0.0		0.0
samp_06	-1.9153997223633137	-5.078855553900149	1.0	-2.42928386474603	1.0	-4.813665086269867	1.0		0.0	-0.6523290167827576	4.0		0.0		0.0	-5.193368421756374	2.0	-1.7143087914275155	1.0	-4.2044074700324865	1.0	-4.6408046639924665	1.0		0.0	-4.739190664964357	2.0	-0.33798613165699076	1.0		0.0		0.0		0.0	-6.071796010289784	3.0
samp_07	-2.041553403593724	-5.0298968484735	1.0	-2.4241804666152285	2.0	-4.766072457190938	1.0		0.0	-0.6543776310219855	2.0	-4.7262455491626065	2.0	-4.794185022300965	1.0	-5.1437386552605	2.0	-1.7204790116143172	1.0		0.0	-4.594966344224096	1.0	-7.527394288176892	1.0		0.0	-0.33370971510024244	1.0	-3.994121078092129	1.0	-4.452480950069319	1.0		0.0	-6.018199869810943	1.0
samp_08	-1.9228891423448011	-5.075968710268204	1.0	-2.429075283084337	1.0	-4.8108558703716	2.0	-4.692161270973997	1.0	-0.6524635499678675	2.0	-4.770968675564177	2.0		0.0	-5.1904410552587885	1.0	-1.7147310282259103	1.0	-4.201981891733364	1.0	-4.638104619471248	1.0		0.0	-4.736371361610462	2.0		0.0		0.0	-4.4963540263460775	1.0	-4.99158655875902	1.0	-6.0686219609951015	1.0
samp_09	-1.8884628151487157	-5.089228893009737	1.0	-2.429933054653867	2.0		0.0		0.0	-0.6518309712098029	1.0	-4.783828553907046	1.0	-4.85165341049636	2.0		0.0		0.0	-4.213102471433188	2.0	-4.650475042658459	1.0	-7.606728480757253	1.0	-4.749315214597915	1.0		0.0	-4.047084272052654	2.0	-4.508944086617788	3.0	-5.004971074999023	1.0		0.0
samp_10	-1.787044772940958	-5.128003821383471	2.0	-2.431000957774558	1.0	-4.861300459913471	2.0	-4.741288176066421	1.0		0.0		0.0	-4.889085795340838	1.0	-5.2432597498628475	2.0	-1.7060838864769474	1.0		0.0		0.0		0.0	-4.787073820527743	4.0		0.0	-4.081239851813662	1.0	-4.54562055215019	1.0	-5.044088692467292	1.0	-6.126102091741159	1.0
samp_11	-1.6455420476932343		0.0		0.0	-4.912723649279284	1.0		0.0	-0.6465691916914977	2.0	-4.872655450175474	3.0		0.0	-5.29740186294651	1.0	-1.6952724464129603	1.0		0.0	-4.7356398921750795	2.0	-7.734831743286414	1.0		0.0	-0.3447033679199175	2.0		0.0	-4.595669762816274	1.0	-5.0978255010889635	1.0	-6.185536170938674	3.0
samp_12	-1.8292213854470962	-5.111940401407455	1.0	-2.4308174071627975	1.0		0.0	-4.7261482322793515	2.0	-0.6506610288836375	1.0	-4.805802869556865	1.0	-4.8735874419667775	1.0		0.0		0.0		0.0	-4.671602369471216	3.0	-7.637749646534175	1.0	-4.771439255713891	2.0	-0.34046310774152255	1.0	-4.067130539554102	1.0		0.0	-5.02787050554961	2.0	-6.108290372546931	1.0
samp_13	-1.7191004144506021		0.0	-2.4305291362862667	1.0	-4.886147408019487	2.0		0.0		0.0	-4.846131416084958	1.0	-4.913843265684891	1.0	-5.269380537920993	2.0	-1.7010843692429853	1.0	-4.266298014645228	1.0		0.0	-7.695803546961044	4.0	-4.812050883828612	1.0		0.0		0.0	-4.569825000168322	1.0	-5.070021415886161	3.0		0.0
samp_14	-1.9265900667867912		0.0	-2.4289712197324134	1.0		0.0		0.0	-0.6525091620804806	1.0	-4.769587195142404	3.0		0.0	-5.188994335060221	1.0	-1.7149354716415657	2.0	-4.200781474846742	3.0		0.0	-7.586859356868642	1.0		0.0	-0.33763921526490115	1.0	-4.034047662232262	3.0	-4.49500279350364	1.0		0.0	-6.067043627762093	1.0
samp_15	-1.8079791444783149	-5.120040355349783	1.0	-2.4309377651850865	1.0		0.0		0.0	-0.6502058989156296	2.0	-4.813635431999861	1.0	-4.881406239239052	2.0		0.0		0.0	-4.23869941624969	2.0	-4.679134609369163	1.0	-7.648903150330938	1.0	-4.779321336995633	1.0	-0.3410190591499263	1.0		0.0	-4.538098561540463	1.0	-5.036042467356787	1.0	-6.117264254853464	3.0
samp_16	-1.755787581585339	-5.139861394411032	2.0	-2.4308871481592655	1.0	-4.872763470658316	1.0		0.0	-0.6490832056473685	1.0		0.0	-4.900512211512519	1.0		0.0	-1.7038326336179055	3.0		0.0	-4.697488284961379	1.0		0.0	-4.798591265256665	1.0		0.0	-4.091594609035308	4.0	-4.556788080163706	1.0		0.0	-6.139267728304498	2.0
samp_17	-1.6062305796460883	-5.195841504726126	1.0		0.0	-4.926782922845866	1.0		0.0	-0.6456428632718102	2.0		0.0	-4.954329397644214	3.0	-5.312248524344886	1.0	-1.6920242359017206	1.0		0.0		0.0	-7.755770057058641	1.0		0.0		0.0	-4.1400014251420085	3.0	-4.609324202062367	2.0	-5.112559506112145	2.0	-6.201947285479485	1.0
samp_18	-2.154017504572931	-4.985832228069977	2.0	-2.4167550061397556	1.0		0.0	-4.606419997032739	1.0	-0.6556874192072688	2.0	-4.683343771544608	1.0	-4.7513687997733625	1.0	-5.0991183793027774	1.0	-1.7240728800207954	1.0	-4.125067457181336	1.0	-4.553460258642928	1.0	-7.469935685134732	1.0		0.0	-0.32914096139388643	3.0	-3.9542603435565358	1.0		0.0	-4.900685113105502	1.0		0.0
samp_19	-1.8008881555822895		0.0	-2.4309909536951833	1.0	-4.85620476499899	4.0	-4.736340182619106	2.0	-0.6500564944149516	2.0	-4.816240887470862	1.0	-4.884007204797532	1.0		0.0		0.0	-4.240928435434646	1.0		0.0		0.0		0.0		0.0	-4.076624157840349	4.0		0.0		0.0	-6.120258971447623	2.0
samp_20	-1.9277149167037333		0.0	-2.4289343092469737	1.0	-4.809028104610488	1.0		0.0		0.0	-4.7691431258125165	1.0	-4.836997331511399	1.0		0.0	-1.7150236945068411	1.0	-4.2004385362712515	2.0	-4.636348882328579	2.0		0.0	-4.734528418257695	1.0	-0.3376139233396052	4.0		0.0	-4.494557871797626	1.0	-4.989690515718982	3.0		0.0
samp_21	-2.1967428860449316	-4.969005024079427	2.0	-2.4132304731646412	2.0		0.0		0.0	-0.6560067214492472	2.0		0.0		0.0	-5.082091698954739	1.0		0.0	-4.110459738414104	4.0	-4.537557815380147	2.0		0.0	-4.631676166434228	2.0		0.0	-3.9389310279575236	1.0	-4.394145121674773	1.0	-4.8837226595668835	1.0		0.0
samp_22	-1.9763426706734069	-5.055277396994388	1.0		0.0		0.0		0.0	-0.6533893833216192	4.0	-4.750902779156359	1.0	-4.81879287781738	2.0		0.0		0.0	-4.184532621137645	3.0	-4.618761968288653	1.0	-7.561031590040718	1.0	-4.716168664430134	1.0	-0.33602559329081144	1.0		0.0	-4.476677954145061	1.0	-4.9707143724471905	2.0		0.0
samp_23	-2.0692563479447252		0.0	-2.422603008610313	1.0	-4.755535830161347	2.0	-4.638136726528022	1.0	-0.6547555601761327	2.0	-4.715723347974877	3.0		0.0		0.0	-1.721546806719302	1.0	-4.1537041452223455	2.0	-4.584793157756398	1.0	-7.513165570039564	1.0		0.0	-0.33265711555200994	2.0	-3.9843706518293183	1.0		0.0	-4.934209053324665	1.0		0.0
samp_24	-2.144775484005179	-4.989465872385899	1.0	-2.4174695452033714	1.0	-4.726666118887379	1.0	-4.609893035339148	1.0	-0.6555928944463312	1.0	-4.686886522091781	1.0	-4.754905141792076	3.0	-5.102797700615525	3.0		0.0		0.0	-4.556893613303318	2.0		0.0		0.0	-0.32954594521191516	2.0		0.0		0.0	-4.904350406195906	1.0	-5.974282473302751	1.0
samp_25	-2.0608680653872957	-5.0223586070633885	2.0	-2.4231045800294195	2.0	-4.758728132427608	1.0		0.0		0.0	-4.718914305987877	2.0	-4.786866026835499	2.0	-5.136099472874279	1.0	-1.7212282854288083	2.0		0.0	-4.5878772707378745	1.0	-7.517466499821227	2.0	-4.68397504485033	1.0		0.0		0.0	-4.445279256245551	1.0		0.0	-6.009991306412753	1.0
samp_26	-2.016631567598421	-5.039621194136032	1.0	-2.4254638552475725	2.0	-4.77552993740219	2.0	-4.657674130599377	1.0	-0.6540255798476758	1.0		0.0		0.0	-5.153589902214007	1.0	-1.7194346233191635	3.0		0.0	-4.604077455559839	1.0		0.0	-4.700860318688474	1.0	-0.3346242407345591	1.0	-4.002853880131869	1.0	-4.461753474237129	1.0	-4.954919294878441	1.0	-6.028795515257333	1.0
samp_27	-1.8981787927655942	-5.0854941780217375	1.0	-2.4297281567467284	1.0		0.0		0.0	-0.6520097424386826	2.0		0.0	-4.848039501824412	1.0	-5.200097564463007	2.0	-1.7133109190911344	2.0	-4.209966698258402	1.0		0.0		0.0	-4.745662831253696	3.0	-0.33849521751809075	2.0		0.0	-4.505394570376925	1.0	-5.001194458600642	1.0	-6.079101614975815	1.0
samp_28	-2.1739479619655646	-4.977987610243122	2.0		0.0	-4.715464098214753	2.0	-4.598922379239506	2.0	-0.6558472332159067	1.0		0.0	-4.743734394970104	2.0	-5.091179509583808	2.0	-1.7245038306736524	1.0	-4.118265906727607	1.0	-4.546049393335303	2.0		0.0	-4.640491039399953	1.0		0.0		0.0	-4.402774053599273	2.0		0.0		0.0
samp_29	-1.749679198350943		0.0		0.0		0.0	-4.754608576746625	1.0	-0.6489575206144987	1.0		0.0	-4.902733046600112	3.0		0.0	-1.703430855925791	1.0	-4.256892948712629	1.0	-4.6996260055332995	1.0	-7.6796380706836755	1.0	-4.8008460815492295	2.0	-0.34242361786375336	2.0	-4.093607343989029	2.0	-4.558976699473875	1.0	-5.058370468491715	2.0		0.0
samp_30	-1.9475171238382871		0.0	-2.4283092492736467	2.0	-4.801615914431361	2.0	-4.683144775133804	1.0		0.0	-4.761743819027543	2.0	-4.82961052237655	5.0		0.0	-1.7160766933292755	1.0		0.0		0.0	-7.5759796635869625	1.0		0.0		0.0	-4.026848719275927	1.0		0.0	-4.981981995263471	2.0	-6.05816782638967	1.0
samp_31	-1.8880555770408358		0.0		0.0		0.0	-4.704857906948948	2.0		0.0	-4.783979888441077	1.0	-4.85180215405943	2.0	-5.2040517305806215	1.0	-1.712705860851723	2.0		0.0	-4.650623769207642	2.0	-7.606946928447035	3.0	-4.749461234410881	3.0		0.0	-4.047224709601307	1.0	-4.509091003817557	1.0		0.0		0.0
samp_32	-2.0733228028071453	-5.01748894152948	3.0		0.0		0.0	-4.636621078564496	2.0	-0.6548137851106246	1.0	-4.714175327950017	2.0	-4.782138028245491	3.0		0.0	-1.7216948418539872	1.0	-4.152341415147546	1.0	-4.583298922985793	1.0		0.0		0.0	-0.33250641816103854	1.0	-3.982936315207856	1.0		0.0	-4.932605372511124	2.0		0.0
samp_33	-1.7804009892917985		0.0		0.0	-4.863741557817628	1.0	-4.7436629850071546	2.0	-0.6496269692131174	1.0	-4.823768336584335	2.0	-4.891520329466663	2.0		0.0	-1.7056141134675022	2.0	-4.247327493876979	1.0		0.0		0.0	-4.789528077144199	2.0		0.0	-4.08344207668122	2.0	-4.547995317611407	1.0	-5.04663091193087	1.0	-6.12890091046099	1.0
samp_34	-2.0675695407991856	-5.019736780878636	1.0	-2.422708896659979	1.0	-4.756178425410915	1.0		0.0	-0.6547411342772818	1.0	-4.716364842829194	3.0	-4.784325342683443	2.0		0.0		0.0	-4.154266864529892	3.0	-4.585414143876673	1.0	-7.514032877852619	1.0		0.0	-0.3327302788621482	1.0		0.0	-4.4427719125884	2.0	-4.934874267192515	1.0		0.0
samp_35	-1.6079814969111432		0.0		0.0	-4.926157046727219	2.0	-4.804250258825887	1.0	-0.6456890089222883	1.0		0.0	-4.953703416770354	1.0	-5.311589701153907	1.0	-1.692167168832181	1.0	-4.299737111112339	1.0		0.0	-7.754829766994672	2.0	-4.852278571310771	1.0	-0.34541717687533663	2.0		0.0		0.0	-5.111900212455117	4.0	-6.201217250586593	1.0
samp_36	-2.03137061627737	-5.033873964464068	1.0	-2.424725188297113	2.0		0.0	-4.652218957818109	2.0	-0.6542391730568371	3.0	-4.730110700065572	1.0	-4.79804031022339	1.0		0.0	-1.7200640824531743	3.0		0.0		0.0	-7.532626137092182	1.0	-4.695243088321679	1.0		0.0	-3.997691492589933	1.0		0.0	-4.949128981622833	1.0	-6.022535906814334	1.0
samp_37	-1.8486866893442437		0.0		0.0	-4.838535041385331	2.0	-4.719126245433548	1.0	-0.6510405737030269	2.0		0.0	-4.866404347750531	2.0	-5.219387138151088	1.0	-1.710275953586515	1.0		0.0	-4.664691469636519	2.0		0.0		0.0	-0.33992168777829235	2.0	-4.060566455601657	1.0	-4.523393508948157	1.0	-5.02036140558836	1.0	-6.100059818950614	2.0
samp_38	-1.6991877714425359	-5.16119316405973	1.0	-2.43024036606664	1.0		0.0	-4.772454362351171	1.0		0.0		0.0	-4.921045181603978	1.0	-5.276993722692831	1.0	-1.6995458846936198	1.0		0.0	-4.717178986569832	1.0	-7.706349337288285	2.0		0.0	-0.3436007687984413	3.0	-4.110139795526694	1.0	-4.576857137913555	2.0	-5.077576659665377	2.0	-6.163064504536106	1.0
samp_39	-1.9359969655379012	-5.0709029559320244	1.0		0.0	-4.805944599415973	1.0		0.0	-0.6526987349108353	2.0		0.0	-4.83392355477131	3.0	-5.185301175559165	1.0	-1.7154703553699437	1.0	-4.197727330198406	1.0	-4.633377991159999	1.0		0.0	-4.731427203671412	2.0	-0.3373362907231122	2.0		0.0	-4.491542810026325	1.0	-4.986477489384736	2.0		0.0
samp_40	-1.814258279517764		0.0	-2.430888468575243	1.0	-4.851279183643293	2.0		0.0		0.0	-4.811326317777215	2.0	-4.879092124603916	1.0		0.0	-1.7079578092296464	1.0	-4.236726727229617	2.0		0.0	-7.645607074895832	4.0	-4.776997741716376	2.0	-0.34084880212206403	1.0		0.0	-4.535842369553469	1.0		0.0	-6.114611778121118	1.0
samp_41	-2.2004269438314994		0.0	-2.412905696311812	1.0		0.0		0.0	-0.6560269652176389	3.0	-4.665515792388336	1.0		0.0		0.0	-1.7249682571450644	5.0	-4.109191437272916	1.0	-4.536181620500971	2.0		0.0	-4.630248637994392	2.0	-0.3270239658574532	1.0		0.0		0.0	-4.882255030914612	1.0	-5.950607225439737	1.0
samp_42	-1.9329098173888741		0.0	-2.42877650768095	1.0	-4.807103137648803	1.0		0.0	-0.652644887220611	1.0	-4.767222895391209	3.0	-4.835079257506855	1.0	-5.186512966743853	1.0	-1.7152855697334086	1.0	-4.198727972641894	1.0	-4.634491948140019	1.0	-7.583570870757848	1.0	-4.732592758164282	1.0	-0.3374364165881904	2.0	-4.03187940760258	2.0	-4.4926740394921	1.0		0.0		0.0
samp_43	-1.9129696314904707	-5.0797889050613	1.0	-2.4293544606523425	1.0	-4.81458029199288	1.0	-4.6957901993695375	2.0	-0.6522872229552705	1.0	-4.774686242327421	2.0		0.0		0.0	-1.7141631866364027	1.0	-4.20519188855418	1.0		0.0	-7.5939540604228215	2.0		0.0	-0.3380684554775707	3.0		0.0	-4.499986078546819	2.0	-4.995443248343614	1.0		0.0
samp_44	-1.6938301971332559		0.0		0.0		0.0		0.0	-0.6476788353010926	2.0	-4.855290878595703	2.0	-4.922978620359502	1.0	-5.279040284571788	1.0	-1.6991291540397973	2.0	-4.274011689375937	2.0		0.0	-7.709191078411769	1.0	-4.821270306574899	1.0		0.0	-4.11188873102463	1.0	-4.578749699567044	2.0	-5.079594398820332	2.0	-6.165317990834953	1.0
samp_45	-2.036369206478374	-5.031923400745222	1.0	-2.424457287155538	1.0	-4.768043233988233	1.0		0.0		0.0	-4.728215046315478	2.0	-4.79614784889626	2.0	-5.1457887174303325	1.0	-1.7202616320038502	1.0	-4.164687596632681	2.0	-4.596863464670017	1.0		0.0		0.0	-0.33394339735959394	2.0	-3.995940559868611	1.0	-4.454413088934717	1.0		0.0	-6.020409369629021	2.0
samp_46	-2.097514997312939	-5.0080152267682205	1.0		0.0	-4.744754360423286	1.0		0.0	-0.6550994052476393	1.0		0.0	-4.772935682500718	2.0		0.0		0.0		0.0	-4.57438099615804	7.0	-7.498705950987874	2.0	-4.6699315988922	2.0	-0.3315316463683675	1.0	-3.974380036260229	1.0		0.0		0.0		0.0
samp_47	-1.845341997014404	-5.105771711660041	2.0	-2.430646017169757	2.0	-4.8397707888198305	2.0	-4.720334896908668	1.0	-0.6509787790434115	1.0		0.0	-4.867634480166802	1.0		0.0		0.0	-4.226875121416084	1.0		0.0	-7.629295109943545	1.0		0.0	-0.34002662150596796	1.0	-4.06170407287238	2.0	-4.524608998438349	2.0		0.0	-6.101471003439592	2.0
samp_48	-1.998214518657087		0.0		0.0		0.0		0.0	-0.6537455800422768	2.0	-4.742656857217949	1.0	-4.810561791040057	3.0		0.0	-1.7186029853008198	2.0	-4.177333927836582	1.0	-4.610806204658836	3.0	-7.549718258226536	1.0		0.0	-0.3352742436298649	1.0	-4.009276218724745	2.0		0.0	-4.962149198783346	2.0		0.0
samp_49	-2.1435298677616137		0.0	-2.4175637132756385	3.0	-4.727143985766851	1.0		0.0	-0.6555832354175629	1.0	-4.687363765636912	1.0	-4.755380802974903	1.0	-5.103290332759772	2.0		0.0	-4.12863441908177	1.0	-4.55735226550607	3.0		0.0	-4.652230067865615	1.0	-0.3296032156144605	1.0		0.0	-4.414257911151644	1.0	-4.9048443832014135	1.0	-5.974814170626991	1.0
samp_50	-1.9945114718557015	-5.048223466275669	4.0		0.0	-4.783903627954916	1.0		0.0	-0.6536851418033657	1.0		0.0	-4.811954601234241	1.0	-5.162306517905553	1.0	-1.7184244508742248	3.0		0.0	-4.6121465802668915	1.0	-7.551636380610931	1.0		0.0	-0.33540671026031793	1.0	-4.0105675219891905	3.0		0.0		0.0	-6.038206975454999	1.0
samp_51	-1.5440196170994818	-5.218739989156466	1.0		0.0	-4.948809934353464	1.0		0.0		0.0		0.0		0.0	-5.335568743112824	2.0	-1.6867075705213213	2.0		0.0	-4.769963643152481	1.0	-7.7889694658099256	3.0	-4.875049964759446	2.0		0.0	-4.159531490889209	1.0	-4.630684394968724	1.0	-5.135682136520571	2.0	-6.227802971234492	2.0
samp_52	-1.6635402785865208	-5.1745389951667375	1.0		0.0		0.0		0.0	-0.6469978883465609	1.0	-4.866198247990344	1.0	-4.933876820149275	1.0	-5.290567031268308	1.0		0.0	-4.2831705923198	2.0		0.0		0.0	-4.832264495436666	2.0	-0.3443362965593986	3.0	-4.121685677282569	3.0	-4.589381869674343	1.0	-5.091046421414705	1.0	-6.1780045655362335	1.0
samp_53	-1.8051958449551424	-5.121098652911851	1.0	-2.430955803444386	1.0	-4.854617699603215	1.0	-4.7347877012151525	1.0	-0.6501534306460378	2.0	-4.814659609085186	1.0	-4.882431854372438	2.0	-5.236245852817909	2.0	-1.7073469647701895	1.0		0.0		0.0		0.0	-4.780355816335759	1.0		0.0		0.0	-4.539099304075119	1.0	-5.037118613118411	2.0	-6.11843732539884	2.0
samp_54	-1.7705875738503436		0.0	-2.43096994869574	1.0		0.0		0.0	-0.6494083965980078	2.0		0.0	-4.895112558402087	1.0	-5.2496082293317246	2.0		0.0	-4.250397332815724	1.0	-4.692298548376444	2.0		0.0		0.0	-0.341951149079269	3.0	-4.08669764058852	1.0		0.0	-5.050386942229663	1.0	-6.133037286309537	4.0
samp_55	-2.2205081985475084	-4.959632471337515	1.0	-2.411103505816997	2.0	-4.697531885461876	1.0	-4.58135382030125	1.0		0.0	-4.657780814295702	2.0		0.0	-5.0726106407703195	4.0	-1.725239828426449	2.0		0.0	-4.52868053722993	1.0		0.0	-4.622469756895055	1.0	-0.32606158339994307	2.0		0.0		0.0	-4.874269880752483	1.0		0.0
samp_56	-2.001679005970385	-5.045445206372982	1.0		0.0	-4.781189813936017	2.0		0.0	-0.6537886840708174	1.0	-4.7413584713140615	1.0		0.0	-5.1594840943030995	4.0	-1.7187570178917675	1.0	-4.176190595436093	3.0		0.0	-7.547934449891861	2.0		0.0		0.0	-4.008067402651003	1.0		0.0	-4.9607933044065415	2.0		0.0
samp_57	-1.803173109662075	-5.121871489180285	1.0	-2.4309849997969817	1.0		0.0	-4.735510448418231	1.0	-0.6501158345550064	1.0	-4.815401021811145	2.0		0.0		0.0	-1.707220694186335	1.0		0.0	-4.680821097239321	2.0	-7.651431693311448	4.0	-4.781106090106765	1.0	-0.34113338787576736	2.0		0.0		0.0		0.0	-6.11929406369216	2.0
samp_58	-2.073378559391386	-5.017467214241931	1.0	-2.4223580390124937	1.0	-4.753966554077614	1.0	-4.636601062035066	2.0		0.0		0.0	-4.782116177310592	3.0	-5.131144093398108	1.0		0.0	-4.152321716388042	1.0	-4.583276640391982	2.0		0.0		0.0	-0.3324965221831946	2.0	-3.9829181644403207	2.0		0.0	-4.932585809662409	1.0	-6.004666320348958	1.0
samp_59	-2.054155837064451	-5.024982923094989	1.0		0.0	-4.761285338407501	2.0	-4.643755967429573	2.0	-0.654557245229972	1.0	-4.721464041647119	1.0		0.0	-5.138755507628317	2.0	-1.7209808486535796	1.0	-4.158757930496308	1.0	-4.590343273081544	3.0		0.0		0.0		0.0		0.0	-4.447782244752583	3.0	-4.9401646579943215	1.0		0.0
samp_60	-1.9872025039496153	-5.0510547627896605	1.0	-2.4268070603816274	2.0	-4.7866632153007345	5.0		0.0	-0.6535634422611095	1.0	-4.746809473856914	1.0	-4.81470030488251	1.0		0.0		0.0	-4.180965115773104	2.0		0.0	-7.555413781251482	1.0	-4.712050675097157	1.0		0.0	-4.013116048067601	1.0	-4.472669342473684	1.0	-4.966458625228517	1.0		0.0
samp_61	-2.3920318621220407	-4.8917040240899965	2.0	-2.3923142327889124	1.0		0.0	-4.51610720277983	1.0	-0.656071877562761	2.0		0.0	-4.659566318061181	2.0	-5.003954476925552	1.0	-1.724674942029668	1.0	-4.042467828302452	2.0	-4.46411655488413	2.0	-7.351054636796032	1.0		0.0	-0.31663901293874686	2.0		0.0	-4.319567097950404	1.0		0.0		0.0
samp_62	-1.8355764078695849		0.0		0.0	-4.843392384878023	3.0		0.0		0.0		0.0	-4.871242842880001	3.0		0.0	-1.709396430328837	2.0		0.0		0.0	-7.634413460826707	2.0	-4.76907111320268	1.0	-0.34028531420160335	5.0	-4.064995455777821	1.0		0.0	-5.02542292113453	1.0		0.0
samp_63	-1.8494154632619977	-5.104222016297793	1.0	-2.4305768809997677	1.0	-4.838267042254912	1.0		0.0	-0.651066112996062	1.0		0.0	-4.866134789141828	1.0	-5.219110857582679	1.0	-1.71031144444781	1.0		0.0	-4.664425132439892	2.0	-7.627138781819089	1.0		0.0	-0.3399025779584947	3.0	-4.060329651602816	1.0	-4.5231377459648	2.0	-5.020085158005763	1.0	-6.099751962573755	1.0
samp_64	-1.8373614266580132	-5.108827185669688	2.0		0.0	-4.842729542051951	1.0	-4.723218585056799	1.0	-0.6508170292238004	1.0		0.0	-4.870584816376865	2.0	-5.22378131716614	1.0	-1.70951654861005	2.0		0.0		0.0	-7.6334756965836155	1.0		0.0	-0.340240096630798	1.0	-4.064394628594617	2.0	-4.527499073914085	4.0		0.0		0.0
samp_65	-1.9352795452308118	-5.071181060688067	1.0		0.0		0.0	-4.687631573485372	1.0	-0.6526888475958726	1.0		0.0	-4.834194393937154	1.0	-5.185582452161437	1.0	-1.7154182383624537	3.0	-4.197961067752443	1.0	-4.633632950168587	2.0	-7.582340724894822	1.0		0.0	-0.33737350330403154	1.0	-4.031063939815552	1.0	-4.4918057600435235	1.0	-4.98675826487503	2.0	-6.063362701832388	1.0
samp_66	-2.0100384257493484	-5.042184019404057	1.0	-2.4257762839189927	1.0		0.0	-4.66011500431503	4.0		0.0		0.0	-4.806105680780931	2.0	-5.156186594654234	1.0		0.0	-4.17342318944108	1.0	-4.606490724459064	1.0	-7.543625439948824	1.0	-4.70336668584574	2.0	-0.3348626888174803	1.0	-4.005152700412927	1.0	-4.464202253337411	1.0	-4.95751317864526	1.0		0.0
samp_67	-1.8659808273862228	-5.097865842845605	3.0	-2.430354316944037	2.0	-4.832107262552514	1.0		0.0	-0.65138824579694	2.0		0.0	-4.859998497058931	2.0		0.0		0.0	-4.220303170372388	1.0		0.0	-7.618485210166423	1.0	-4.757727876693894	2.0		0.0		0.0	-4.517122975987215	1.0	-5.013675273796969	3.0		0.0
samp_68	-1.94129500825195		0.0	-2.428516328612833	2.0		0.0		0.0	-0.6527901046211899	2.0	-4.764078761335176	1.0	-4.831941266870166	2.0		0.0	-1.7157424331116935	1.0	-4.1960003565233475	1.0	-4.6314612241903514	2.0	-7.579211292975829	1.0	-4.729430740291901	1.0	-0.33717654492383436	1.0		0.0	-4.489596295312588	1.0	-4.9844112146712405	1.0	-6.060810172084495	2.0
samp_69	-1.8544279317185457	-5.102295274357441	1.0	-2.4305300607996414	1.0	-4.8364025054687865	1.0		0.0	-0.6511624632245386	1.0		0.0		0.0	-5.217153571213436	1.0	-1.710617207987163	3.0	-4.223991918712755	1.0	-4.6626431185186	1.0	-7.624531363839337	2.0	-4.762044328887023	1.0	-0.3397701206087378	1.0		0.0	-4.521318672553537	1.0	-5.018144454635787	3.0		0.0
samp_70	-1.896976515460135		0.0	-2.429749871057576	1.0	-4.820548398550525	1.0	-4.701607540668247	1.0	-0.6519829971623822	2.0	-4.780646839103712	1.0	-4.848484699986076	2.0		0.0	-1.7132388932619302	1.0	-4.210361195909807	1.0	-4.647419145125642	1.0	-7.60228745681365	2.0		0.0	-0.33854369120105693	1.0	-4.04418727862569	1.0	-4.505829822119489	1.0	-5.001659029817593	2.0		0.0
samp_71	-2.0592948573321306		0.0		0.0	-4.759329350084273	1.0	-4.641845915258739	1.0	-0.6546276326513945	1.0	-4.719512022797426	2.0	-4.787465829465606	2.0	-5.136720733120693	2.0	-1.7211788935866403	4.0		0.0	-4.588455862354679	1.0	-7.5182731181677775	1.0	-4.684577709046771	1.0		0.0	-3.9878841564039886	1.0		0.0	-4.938137400011503	1.0		0.0
samp_72	-1.7452104113696378		0.0		0.0		0.0	-4.756193579291739	4.0	-0.6488507937206399	1.0	-4.83663212232035	2.0	-4.904356748822183	1.0		0.0		0.0	-4.258268345062544	1.0	-4.701173629395819	1.0	-7.681973828032362	1.0	-4.8024828599194915	2.0		0.0		0.0	-4.56055581661568	2.0	-5.060079224727198	3.0		0.0
samp_73	-1.852299429094707	-5.103109697593532	1.0	-2.430558726706699	1.0		0.0	-4.717823943891425	1.0	-0.6511163582336018	2.0		0.0	-4.865064149719827	1.0	-5.217980230388837	1.0		0.0	-4.224668053017165	1.0	-4.663399143206472	2.0	-7.625644312881708	1.0	-4.762839091647043	2.0	-0.3398277010176271	1.0	-4.059356338916464	1.0		0.0	-5.018967946918164	1.0	-6.098527737301692	2.0
samp_74	-1.8567018823183794	-5.10142308041579	1.0	-2.4304948264266417	2.0	-4.835556331261866	1.0	-4.716230929016227	3.0	-0.6512009156200509	1.0	-4.795629892601156	1.0	-4.863434543698054	1.0	-5.2162681998721805	1.0	-1.7107669918261732	1.0		0.0		0.0		0.0	-4.761192639378696	1.0		0.0	-4.057861532141441	1.0		0.0	-5.0172651015191185	3.0	-6.0966629608371985	1.0
samp_75	-1.8475793861687422	-5.104920769449033	2.0		0.0		0.0	-4.719527059968792	1.0	-0.6510164677898077	1.0	-4.7990107356557585	1.0		0.0	-5.219815689329452	1.0	-1.7101873447067018	2.0		0.0	-4.665085909006156	2.0	-7.628116576377609	3.0	-4.764598056241949	2.0		0.0	-4.060949654260595	1.0	-4.523797500576118	2.0		0.0		0.0
samp_76	-1.9069056205572217	-5.082130423683287	2.0	-2.4295000404878144	1.0	-4.816844282670719	1.0	-4.697996537316534	2.0	-0.6521788206015808	2.0		0.0	-4.844787088257721	2.0	-5.19669199847596	1.0		0.0		0.0		0.0		0.0	-4.7423849724785265	1.0	-0.3382442778502582	2.0		0.0	-4.502205010756205	2.0	-4.99780212731552	1.0	-6.075398459922817	1.0
samp_77	-2.040678875817295	-5.030238310839325	1.0		0.0	-4.766405734438244	1.0	-4.648763562506765	1.0	-0.6543562948780458	2.0		0.0	-4.7945160113651815	1.0	-5.144071873191052	4.0	-1.7204375453846148	1.0	-4.163259872120842	1.0	-4.595286973030538	1.0	-7.527833974279045	1.0		0.0	-0.33374262504135427	1.0		0.0	-4.452810476206587	1.0	-4.945469615731014	1.0	-6.0185754405764085	1.0
samp_78	-2.0434568830486164	-5.029162138326663	2.0		0.0	-4.765354378142969	1.0		0.0	-0.6544049588225954	2.0	-4.725535829112708	3.0	-4.793464379523218	3.0	-5.142991884291752	1.0	-1.7205566888985175	2.0	-4.16234119973533	1.0		0.0	-7.526416663884124	1.0		0.0		0.0		0.0		0.0	-4.944380434875443	1.0	-6.017402869786198	1.0
samp_79	-1.7619201713620103		0.0		0.0	-4.8704979518979785	2.0	-4.750230342410829	4.0	-0.6492242353290901	1.0		0.0	-4.898261650567566	1.0		0.0		0.0	-4.253100743127433	1.0	-4.695313011413623	1.0		0.0	-4.796334824335238	3.0		0.0	-4.0895586224764795	1.0	-4.554590448199366	1.0		0.0	-6.136684144262922	3.0
samp_80	-1.9432855946729706		0.0	-2.4284535111794696	1.0	-4.803206546279722	1.0	-4.684696800504004	3.0		0.0		0.0		0.0	-5.182439734524212	3.0	-1.7158502899843122	1.0	-4.19535140427475	2.0		0.0	-7.578178947704755	1.0		0.0	-0.3371136593005261	1.0	-4.028307032579035	2.0		0.0	-4.983636439790845	3.0		0.0
samp_81	-1.9122350270986834	-5.080075897772706	1.0		0.0	-4.814850156676047	1.0	-4.696052142633811	1.0	-0.6522708757319795	2.0	-4.774960793724776	2.0	-4.842799362795513	1.0		0.0	-1.714129847361527	1.0	-4.205430789489276	2.0	-4.641941670642991	1.0		0.0	-4.7403807289537205	1.0	-0.33808672859963496	1.0	-4.038970609392412	1.0	-4.500254384798868	1.0	-4.995728913115783	1.0	-6.07313707544034	1.0
samp_82	-2.1281844236135727	-4.995987883590955	1.0		0.0	-4.733029117734554	1.0	-4.616116675007606	3.0	-0.6554362260679423	1.0		0.0	-4.761240882555163	1.0	-5.109393749226468	2.0		0.0	-4.1338435116994745	3.0	-4.563033798231293	1.0		0.0		0.0	-0.3302604578669416	1.0	-3.963479916398949	2.0	-4.420037603751471	2.0		0.0		0.0
samp_83	-1.8889734968096699		0.0		0.0	-4.823544907684736	1.0	-4.704528683234216	1.0	-0.6518489947247722	2.0	-4.783637760302568	1.0	-4.851462145938777	4.0	-5.203695930435602	1.0	-1.712761396841	1.0	-4.212932505877754	1.0		0.0	-7.606465274714509	1.0	-4.749116283623247	2.0		0.0		0.0	-4.508755044695239	1.0	-5.004765629020065	1.0	-6.082998052149235	1.0
samp_84	-1.4657098638385757	-5.247202155906389	2.0		0.0	-4.976130303435525	1.0		0.0		0.0		0.0		0.0	-5.3645870901774595	1.0	-1.679809715607681	3.0		0.0		0.0	-7.830896751816578	1.0		0.0		0.0	-4.183580019479464	2.0	-4.657126901320227	4.0	-5.164422700623751	3.0	-6.260141898200785	1.0
samp_85	-1.9676428948131497	-5.058646719847612	2.0	-2.4275844344814814	1.0	-4.79404518862423	1.0		0.0		0.0		0.0	-4.822064406880443	1.0	-5.172886563032273	2.0	-1.7171183416044318	1.0	-4.18738835842581	2.0	-4.621923562976943	1.0	-7.565548961726174	2.0	-4.7194673557163815	2.0		0.0		0.0	-4.47989400890238	1.0	-4.9741235443839855	1.0	-6.049626873389211	1.0
samp_86	-2.0163045751059	-5.039748381094242	1.0	-2.4254750508604643	3.0		0.0	-4.657802854065705	1.0		0.0	-4.735820897989542	1.0		0.0	-5.153721228657394	3.0	-1.7194182722113474	1.0	-4.171353698468194	1.0		0.0	-7.5403877733707905	2.0		0.0	-0.3346353006869948	1.0	-4.002970234611016	1.0	-4.461880417532649	1.0	-4.955054579351271	1.0	-6.028948029275978	1.0
samp_87	-1.9790749214767616	-5.0542099849362225	1.0	-2.427147958807125	1.0		0.0	-4.671542353912083	1.0	-0.6534340031633606	1.0	-4.7498730269921	2.0		0.0	-5.168382276421141	3.0	-1.7177101442945488	1.0	-4.183637127774776	1.0	-4.617768285539624	1.0		0.0	-4.715131551922775	1.0	-0.3359272631223067	2.0		0.0		0.0	-4.969649589325988	2.0	-6.044762501104845	1.0
samp_88	-2.10635946836806	-5.004543362596332	1.0	-2.4202422878350713	2.0	-4.741374137807063	1.0	-4.624290176703771	4.0		0.0		0.0	-4.769568239910052	4.0		0.0		0.0		0.0	-4.5711238428456324	1.0		0.0	-4.6665337017245	2.0	-0.33118736729809684	1.0		0.0		0.0	-4.919558121363246	1.0	-5.990635789612702	1.0
samp_89	-1.7105326299352468		0.0		0.0	-4.889261773497166	1.0	-4.768459897333211	1.0	-0.6480780892732428	2.0		0.0	-4.916945661881876	1.0	-5.272661276429266	1.0	-1.7004265588444347	3.0	-4.268920271534225	1.0	-4.713251237060425	1.0		0.0		0.0		0.0		0.0	-4.572855154904274	1.0	-5.07327453637403	3.0	-6.158303456284103	3.0
samp_90	-1.9820211897287714	-5.053074476862819	3.0		0.0	-4.788619628997611	2.0		0.0	-0.6534828009959419	1.0	-4.748768565226383	1.0	-4.816656703617397	2.0	-5.167224935379612	2.0	-1.7178256365084317	2.0		0.0	-4.616696839043953	1.0	-7.558094854651042	1.0		0.0		0.0		0.0		0.0	-4.9684932559366874	2.0	-6.043511360054891	1.0
samp_91	-1.9341156604892873	-5.071620544158482	1.0	-2.428747432041256	1.0	-4.806644836877362	1.0		0.0	-0.6526663304899847	2.0		0.0	-4.834624603770298	2.0	-5.186041651035466	2.0	-1.715365669516752	1.0	-4.198333438496932	1.0		0.0	-7.582941373712202	1.0	-4.732134217711819	1.0	-0.337398897460092	1.0	-4.031459635001035	1.0	-4.492228778938156	2.0	-4.987204666808762	1.0		0.0
samp_92	-1.920999087983956	-5.0766876257029745	1.0		0.0	-4.8115654450017615	2.0		0.0	-0.6524079795598068	2.0		0.0	-4.8395321457057365	3.0	-5.191170136832404	2.0	-1.7146284315416183	1.0	-4.202595392691843	1.0	-4.638786375990025	1.0	-7.589763321948495	1.0		0.0		0.0		0.0		0.0	-4.992314207445363	4.0		0.0
samp_93	-1.7357380339997994	-5.147433185213383	2.0		0.0		0.0		0.0		0.0	-4.840081367335314	1.0	-4.907807350177443	2.0	-5.263005426347116	1.0	-1.7023480950480703	1.0	-4.2611811241728885	1.0	-4.704482910671948	1.0	-7.686995391188212	1.0	-4.805956462297931	1.0	-0.34277524915827956	1.0	-4.098192161320127	1.0	-4.563921027685153	1.0	-5.063689368862632	1.0	-6.147710359200817	3.0
samp_94	-1.9739205295831994		0.0	-2.4273344776329395	2.0	-4.791675325526938	1.0	-4.673441735166038	1.0	-0.653342663522673	1.0	-4.751815553413304	3.0		0.0	-5.170411199158774	1.0		0.0	-4.185332500078015	2.0		0.0	-7.562291386847886	2.0	-4.717086733832306	1.0	-0.3361029877218022	2.0		0.0	-4.477571908069762	1.0		0.0	-6.04695494396621	1.0
samp_95	-2.1945953302812238	-4.969864059105519	1.0	-2.413425288693382	1.0	-4.707527127146658	1.0	-4.591147513715523	1.0		0.0	-4.667761751004871	2.0	-4.735825650444369	1.0	-5.0829528832079856	2.0	-1.7248719587045767	3.0		0.0	-4.538359369821598	2.0	-7.449401858203713	1.0		0.0	-0.32729736443644997	1.0	-3.939701460072099	1.0	-4.39496338006557	1.0		0.0		0.0
samp_96	-2.171423109779911	-4.978977487969548	1.0	-2.4153777807308914	1.0	-4.716435199488505	3.0		0.0		0.0	-4.676667540294219	1.0	-4.744699459620977	2.0	-5.0921787136107	1.0	-1.7244558354165898	1.0	-4.119130722036898	4.0		0.0	-7.46111337992613	2.0	-4.641468358148235	1.0		0.0		0.0		0.0	-4.893778482890218	1.0		0.0
samp_97	-1.6336913612747668	-5.185658801077857	1.0		0.0	-4.916974503445276	1.0	-4.7953495093256215	1.0		0.0	-4.876896287299135	1.0	-4.944554494322208	1.0	-5.301882694735283	1.0	-1.6943056199138509	2.0	-4.292105927288596	1.0		0.0		0.0		0.0		0.0	-4.131262526657383	2.0	-4.599798498129849	3.0	-5.102272578284871	3.0	-6.190486266485212	1.0
samp_98	-1.955531682912583		0.0		0.0	-4.79860246912452	2.0		0.0	-0.653038788972138	1.0	-4.758732483309019	1.0		0.0	-5.177635134640305	3.0	-1.7164965108041152	1.0	-4.191360388927446	3.0	-4.626311306194303	1.0	-7.571819019769319	1.0		0.0	-0.3367161702647881	1.0	-4.024079842178022	1.0		0.0	-4.978851989102784	1.0	-6.054762520479601	2.0
samp_99	-1.839235811520701	-5.108113200230506	1.0		0.0	-4.842039367404378	1.0	-4.722540837941212	3.0	-0.6508514089857255	2.0	-4.802101216481146	1.0		0.0		0.0	-1.709637441672256	1.0	-4.228820220208034	2.0		0.0		0.0		0.0	-0.3401870537329599	1.0	-4.063762159819859	3.0	-4.526818030021168	1.0	-5.024006894959879	1.0	-6.104054839016245	1.0
