run	log_F	b1I8_log_P	b1I8_weight	b2F5_log_P	b2F5_weight	b2G8_log_P	b2G8_weight	b2B1_log_P	b2B1_weight	b2G4_log_P	b2G4_weight	b2H8_log_P	b2H8_weight	b2A5_log_P	b2A5_weight	b2G3_log_P	b2G3_weight	b2H3_log_P	b2H3_weight	b2F3_log_P	b2F3_weight	b2G7_log_P	b2G7_weight	b2A6_log_P	b2A6_weight	b2B6_log_P	b2B6_weight	b2B4_log_P	b2B4_weight	b2B5_log_P	b2B5_weight
fit	-1.326450236264945	-4.982182030866345	1.0	-2.315765071753295	1.0	-4.823564807190509	1.0	-4.613053856124476	1.0	-0.6290104791120916	1.0	-4.676458965219891	1.0	-4.792907974402233	1.0	-5.1204220421726605	1.0	-1.6234307838836302	1.0	-4.150333799321569	1.0	-4.566858875397492	1.0	-7.384945562125872	1.0	-4.6918093496449655	1.0	-0.3521572812134072	1.0	-4.978114463035863	1.0
samp_00	-1.500444106839053		0.0	-2.321102896593206	1.0		0.0		0.0	-0.6319662318841212	2.0	-4.618791859279098	1.0	-4.73557476892926	1.0	-5.0592939572447895	1.0	-1.634341458684323	3.0	-4.10434499771289	3.0		0.0	-7.304297042596505	1.0	-4.633075241085239	1.0		0.0	-4.916348964558431	1.0
samp_01	-1.5551793262441367	-4.90308697037417	3.0	-2.321953798234019	1.0	-4.746587855327943	1.0	-4.539649027076397	2.0	-0.6328563972404473	3.0		0.0		0.0		0.0	-1.6375588059676087	1.0	-4.089137679261466	1.0		0.0		0.0		0.0	-0.3494001246438108	2.0	-4.896462438496723	1.0
samp_02	-1.3703937603154375	-4.96730981129398	2.0	-2.3174543984141187	2.0	-4.809119055228047	2.0	-4.59933086946253	1.0	-0.6297777206573192	1.0	-4.662147516694063	1.0		0.0	-5.105210455500252	1.0	-1.6262640555944459	1.0	-4.139083560804709	1.0		0.0	-7.364631044027348	2.0	-4.677222292355668	1.0		0.0		0.0
samp_03	-1.5071152315090885	-4.920042497592354	1.0	-2.3212279612484523	2.0		0.0		0.0		0.0	-4.616527456622593	1.0	-4.733327861847205	3.0	-5.05690123586937	3.0	-1.6347373428114729	2.0		0.0		0.0	-7.301188580197033	1.0	-4.6307670712721	1.0	-0.3500666749235775	1.0		0.0
samp_04	-0.9109623487602769		0.0	-2.2917796111585838	1.0	-4.950822302296976	2.0	-4.732795666928516	2.0		0.0	-4.802292172871943	1.0		0.0		0.0		0.0	-4.244349609952164	1.0	-4.6832263280285895	1.0	-7.573684815317027	3.0	-4.820481913710089	1.0		0.0	-5.1150351310958015	3.0
samp_05	-1.4167113244644993		0.0	-2.318999835881744	2.0	-4.793730427113262	2.0	-4.584666939590937	1.0		0.0	-4.646847254167027	2.0		0.0	-5.088999965415483	3.0		0.0	-4.126932592558007	1.0	-4.5391254284175195	1.0	-7.343191793225926	2.0		0.0	-0.3512246257311981	1.0		0.0
samp_06	-1.00139485744361	-5.086696383963007	1.0		0.0	-4.924642761404809	1.0	-4.7083555898138005	2.0		0.0	-4.776449148549028	1.0		0.0	-5.2277370356004225	2.0	-1.6022128295875835	1.0	-4.225884688746061	1.0		0.0		0.0	-4.793988821276981	1.0	-0.35445452022101914	1.0	-5.086637135171017	4.0
samp_07	-1.630127494845028	-4.87631452336693	2.0		0.0		0.0	-4.51459160470483	1.0	-0.6340213234400542	2.0	-4.574165211204783	1.0	-4.691199173404803	1.0	-5.012309426822805	1.0	-1.6417258160756885	2.0	-4.067770363551593	2.0	-4.470493091238119	2.0	-7.243938260677363	1.0		0.0		0.0		0.0
samp_08	-1.1907774242599871	-5.027015727099833	2.0	-2.309257745013712	1.0	-4.867026140983028	1.0	-4.6542024223781215	1.0	-0.6266662273640728	1.0		0.0		0.0	-5.16637811106145	1.0		0.0	-4.183570120495185	1.0	-4.606971327464409	1.0	-7.447336402632669	1.0	-4.735723111907781	1.0	-0.3533284765196164	2.0	-5.024574954561905	2.0
samp_09	-1.4276299165304016	-4.9477067952058	2.0		0.0	-4.79005822439783	2.0	-4.581178797617241	4.0		0.0		0.0	-4.759890877285088	2.0		0.0		0.0	-4.124036261184683	1.0	-4.53571689927416	1.0		0.0	-4.6579705260533455	1.0	-0.35108511794273917	1.0	-4.942481308827165	1.0
samp_10	-1.2651710461695689		0.0		0.0	-4.843409790180034	2.0	-4.631868911503204	1.0	-0.6279512899063214	1.0	-4.696116709214121	2.0	-4.812447439413786	2.0		0.0	-1.6194478159754924	1.0		0.0	-4.58521345729621	1.0	-7.4131981027252145	2.0		0.0	-0.35271938044934464	3.0		0.0
samp_11	-1.3521203115987237	-4.97351635078171	1.0	-2.316776040534219	1.0		0.0	-4.605061413017845	2.0		0.0	-4.668122525163523	2.0	-4.784621249503716	2.0		0.0		0.0	-4.143787926752337	1.0	-4.559054395607953	2.0	-7.3730844512840985	1.0	-4.683309875135381	2.0	-0.35190884551778484	1.0		0.0
samp_12	-1.1260205838327662	-5.047818962268878	1.0		0.0	-4.88713835027282	1.0	-4.6731660363449015	2.0	-0.6255629871306045	2.0		0.0		0.0	-5.187738200884943	1.0	-1.6103194184610314	1.0		0.0	-4.625408672857367	1.0		0.0	-4.756058567549993	3.0	-0.35376123686338135	2.0	-5.046172954940282	1.0
samp_13	-1.4937344498864387	-4.924735673297507	1.0	-2.3209739972420724	1.0	-4.767692934260888	1.0	-4.5598372811777415	1.0		0.0	-4.621064368402557	1.0	-4.737832946537952	2.0		0.0	-1.6339304803409287	1.0	-4.1061751438287715	1.0	-4.514833308821449	3.0		0.0	-4.635388468976698	1.0	-0.3502669707609569	1.0	-4.918778238596473	1.0
samp_14	-1.2669723953211365		0.0	-2.3131527252270327	1.0	-4.842834735784898	3.0		0.0		0.0	-4.695540343795702	1.0	-4.811873526687869	1.0	-5.14076432929984	1.0	-1.6195645829405219	2.0	-4.16519505094379	1.0	-4.5846800310986735	1.0		0.0		0.0	-0.35271228674083505	1.0	-4.998678090757207	3.0
samp_15	-1.5557741614167468	-4.902879440945521	3.0	-2.3219647149367955	1.0		0.0	-4.5394564972171345	1.0	-0.6328670130059937	2.0		0.0		0.0		0.0		0.0	-4.088966976860771	3.0	-4.494872952044169	1.0	-7.278561113175655	1.0		0.0	-0.3493972622990945	2.0	-4.896240877160386	1.0
samp_16	-1.4576600334186218	-4.937314000476414	3.0		0.0		0.0		0.0	-0.631252975638828	1.0	-4.633216879658849	1.0	-4.749916407492086	1.0	-5.07453949064641	2.0		0.0	-4.115993036268834	2.0	-4.526279540901535	2.0	-7.324174005577263	2.0		0.0	-0.3507249905405651	1.0		0.0
samp_17	-1.5065149648510197	-4.920248097746581	1.0	-2.3211956282610657	1.0	-4.763322674262381	1.0	-4.555661030171073	1.0	-0.6320586157348839	1.0	-4.616729548080819	1.0	-4.73352561974291	2.0	-5.057110980940665	1.0	-1.6347248499295584	1.0	-4.10267250787263	2.0	-4.510746695929419	1.0		0.0	-4.630977685863322	1.0		0.0	-4.914149959637509	1.0
samp_18	-0.9739546230206785	-5.095047133755411	1.0		0.0	-4.932682066944228	1.0		0.0	-0.6230265632789002	2.0		0.0	-4.900147199539532	2.0	-5.236337386336198	1.0		0.0	-4.231605843875393	1.0		0.0	-7.545587974968069	1.0	-4.802121631809006	5.0		0.0	-5.0953410352298665	1.0
samp_19	-1.468776584560989	-4.933446401966638	1.0	-2.320419558265807	2.0		0.0	-4.567934763955356	1.0		0.0	-4.629476478773835	1.0		0.0	-5.070590157795182	1.0	-1.6324295612930457	3.0	-4.112960078343818	2.0		0.0	-7.319007642141227	1.0	-4.643946796687108	1.0	-0.3505544085389745	1.0	-4.9277518323797755	1.0
samp_20	-1.2072258361646977	-5.021669971524409	1.0		0.0		0.0		0.0	-0.6269535574210615	2.0	-4.714368816004451	2.0	-4.8305881917292846	3.0	-5.160892471243252	2.0	-1.6156327055040611	2.0		0.0		0.0		0.0	-4.730494171194194	2.0		0.0	-5.019032529788846	1.0
samp_21	-1.6524474110938274	-4.86826703715044	1.0	-2.322385632867642	1.0	-4.712590798090841	4.0	-4.507040799715191	1.0	-0.6343550446923252	2.0	-4.566353820393755	1.0	-4.683431790381192	1.0		0.0	-1.6429038972396672	1.0	-4.061291991275692	1.0	-4.4630825840988715	1.0		0.0		0.0	-0.3478197841687292	1.0		0.0
samp_22	-1.2444152781225186		0.0	-2.312055040318596	1.0	-4.8500432365156225	1.0		0.0	-0.627598079076618	2.0	-4.702691845484344	1.0	-4.8189803923000865	3.0		0.0	-1.6180902740661542	2.0		0.0	-4.591344225059635	1.0	-7.422731955942221	1.0		0.0	-0.35289417573712006	1.0	-5.006392342143847	2.0
samp_23	-1.5558545832053277		0.0	-2.321986660059158	1.0		0.0	-4.539422749268686	2.0	-0.6328674426485434	4.0	-4.5998839277076415	1.0	-4.716773846884442	2.0	-5.039357658241528	1.0	-1.6375935139690978	1.0	-4.088951862557029	1.0		0.0		0.0		0.0	-0.34938696292906857	1.0	-4.896206280753935	1.0
samp_24	-1.6517452310690297	-4.868501259739224	2.0	-2.322389042389386	1.0		0.0	-4.507286677148929	1.0		0.0	-4.566604657935777	1.0		0.0		0.0	-1.6428725801368282	4.0	-4.061496190588754	3.0	-4.463325867413875	1.0		0.0	-4.580018582261671	1.0		0.0	-4.860870940027786	1.0
samp_25	-1.0358146080166903	-5.076108631697845	1.0	-2.300123263725297	1.0		0.0	-4.698812016060981	1.0		0.0	-4.766370291069675	2.0	-4.8822596378096295	1.0	-5.2168386639442	3.0		0.0		0.0		0.0	-7.517776686421112	2.0	-4.783664477731566	2.0	-0.3542890906614507	1.0	-5.075602168151969	1.0
samp_26	-1.2046129323389616	-5.022522959538263	3.0		0.0	-4.862675259640305	3.0	-4.650103624374239	1.0		0.0	-4.715184553372989	2.0		0.0		0.0	-1.6154764709502396	2.0		0.0	-4.602960339917616	1.0		0.0	-4.731326259587447	2.0		0.0	-5.019907229176491	1.0
samp_27	-1.3544533438979505	-4.9727251789172415	1.0		0.0	-4.8143811034524875	1.0	-4.604329952594714	1.0		0.0	-4.66736062748863	2.0	-4.7838628001378485	2.0		0.0	-1.6252396488863425	2.0	-4.143185185705233	1.0	-4.558341858798793	1.0		0.0	-4.682534730484567	1.0	-0.3518848642116984	2.0	-4.9683347480554865	1.0
samp_28	-1.2963633413473392	-4.992266319683116	2.0		0.0		0.0	-4.62234256665573	1.0	-0.6284933785599677	1.0	-4.686153585340928	1.0	-4.80254726697632	1.0	-5.130750347882926	1.0	-1.6214854789515605	3.0	-4.157905612142086	1.0	-4.575925295678278	1.0	-7.398828189687145	1.0		0.0		0.0	-4.988553460537911	2.0
samp_29	-1.558571719420376	-4.901881627038759	2.0		0.0	-4.745413883700739	2.0	-4.538530524338072	1.0	-0.6329009130972928	4.0		0.0		0.0		0.0	-1.6377516057761907	3.0		0.0	-4.493958341767001	2.0		0.0		0.0		0.0	-4.8952096153589935	1.0
samp_30	-1.167742395313957		0.0		0.0	-4.8742282429454935	2.0	-4.660996030347248	1.0	-0.6262751852067152	1.0	-4.726614829191076	3.0		0.0	-5.17402154322412	2.0	-1.6130500637241525	1.0	-4.188968716617547	1.0		0.0		0.0		0.0	-0.3534759430339969	2.0	-5.032301927657251	2.0
samp_31	-1.6817835398644885	-4.857640024091939	2.0	-2.322217105276294	1.0		0.0	-4.497059690782599	1.0	-0.6347812207443915	1.0	-4.556033128653529	2.0	-4.673168571076618	2.0		0.0	-1.6443978978220826	1.0	-4.052694272762648	1.0	-4.453283943700395	4.0		0.0		0.0		0.0		0.0
samp_32	-1.961542249337045	-4.753793743275085	2.0	-2.3131419254057195	2.0	-4.600420695118483	1.0	-4.3987838183179	1.0	-0.6378345062318244	1.0		0.0		0.0		0.0	-1.655016686629339	2.0	-3.966481398182143	1.0	-4.3566253532711965	2.0		0.0		0.0	-0.34055680386106046	3.0		0.0
samp_33	-1.210304971378299		0.0	-2.3103333540560818	1.0	-4.860867072200205	1.0	-4.648389458219319	2.0	-0.6270015940907987	1.0		0.0	-4.829623953239759	1.0		0.0	-1.6158421554301092	2.0	-4.178937898922156	2.0		0.0	-7.438377636482287	1.0	-4.7295112045619065	2.0		0.0	-5.0179872187050485	2.0
samp_34	-1.11510564436774	-5.051290758383994	1.0	-2.3050236222141907	1.0	-4.890494405372939	1.0		0.0		0.0		0.0	-4.858744528469259	1.0	-5.191304171125762	1.0		0.0	-4.201062855473993	1.0	-4.628475158000987	2.0	-7.481863091691084	4.0	-4.759446857369037	1.0	-0.35382883797556713	1.0	-5.049780695647293	1.0
samp_35	-1.1322232614178012	-5.045846085733336	3.0	-2.306028055905251	1.0		0.0		0.0	-0.6256669383129971	1.0	-4.737500384209325	2.0	-4.853571767986332	1.0	-5.18571053490748	1.0		0.0	-4.197169533604209	1.0	-4.62367264943204	1.0		0.0	-4.754126366835497	1.0		0.0	-5.044122963651914	3.0
samp_36	-1.5126683796388962	-4.918095181445217	1.0	-2.321331257405743	1.0	-4.761220911482705	3.0		0.0	-0.632168167583881	2.0	-4.614641141912864	2.0		0.0		0.0	-1.6350647403071352	2.0	-4.100976375569281	1.0	-4.508775442709268	1.0		0.0	-4.628853260200402	1.0	-0.3500042375954992	1.0		0.0
samp_37	-1.370423168253714	-4.9673023361290225	2.0	-2.317456428896767	2.0	-4.809109220306076	2.0		0.0		0.0	-4.662137645287279	2.0	-4.778666593702794	1.0		0.0	-1.6262477208754682	2.0		0.0	-4.553448617372555	1.0	-7.364620271635267	1.0		0.0	-0.3517215393820117	1.0	-4.962726541510285	1.0
samp_38	-1.3531311498191076		0.0	-2.3168024753517065	1.0	-4.814816946576375	1.0		0.0	-0.6294792472799519	2.0	-4.667793642106211	1.0	-4.784292796630006	1.0	-5.111201515065448	4.0	-1.6251604678440068	1.0		0.0		0.0	-7.3726186874923885	2.0		0.0	-0.35189636619290193	2.0		0.0
samp_39	-1.3096836788417816		0.0	-2.3150631133442943	1.0	-4.829029502769656	1.0	-4.618239167987448	2.0	-0.6287240590778143	1.0		0.0	-4.798289502202132	1.0	-5.126185100013079	2.0	-1.622348453934087	2.0		0.0	-4.571921183834656	1.0	-7.392686415604601	1.0		0.0	-0.3523244016292429	1.0	-4.983944252919761	2.0
samp_40	-0.8999152502973812		0.0	-2.2910138329133383	1.0		0.0	-4.7357144611551885	1.0		0.0		0.0	-4.920998227472597	1.0	-5.259166909580475	2.0	-1.5957902850343832	2.0	-4.246524878240227	1.0		0.0	-7.578592905076138	2.0	-4.8236579305419935	1.0		0.0	-5.118447788139813	4.0
samp_41	-1.2543749717061108		0.0		0.0		0.0	-4.635148329553488	4.0		0.0	-4.699541771456423	2.0		0.0		0.0		0.0	-4.1682848766958145	1.0	-4.588410557543461	4.0		0.0	-4.715355369425951	3.0		0.0	-5.002994747167629	1.0
samp_42	-1.5553043250382368	-4.903042498410075	2.0		0.0	-4.746544204102707	2.0	-4.539606868049134	2.0		0.0		0.0	-4.7169640138716495	1.0		0.0		0.0	-4.089102721390049	4.0		0.0	-7.278776836930574	1.0	-4.614036231953443	1.0	-0.3493969339255778	2.0		0.0
samp_43	-1.230233275658502	-5.014147862976683	1.0		0.0	-4.854567827627655	2.0	-4.6424307934862865	2.0	-0.627350462620815	1.0		0.0	-4.82342821577261	1.0	-5.153177808207887	2.0		0.0	-4.174151686516709	2.0		0.0		0.0	-4.72313504416608	1.0		0.0	-5.011227485100767	3.0
samp_44	-1.423091753560238		0.0	-2.319199427741342	3.0		0.0	-4.582627744112864	2.0		0.0	-4.644764295392111	1.0	-4.761381317036184	1.0	-5.086754879666461	1.0		0.0	-4.125241103850258	3.0		0.0	-7.340218150188038	2.0	-4.659514582201701	1.0		0.0	-4.944106659431012	1.0
samp_45	-1.5042445748611604	-4.921052467324758	1.0		0.0		0.0	-4.556404127327257	2.0	-0.6320252318083058	1.0	-4.61750565724966	1.0		0.0	-5.057934848497913	2.0	-1.6345710608075499	4.0	-4.103287115063723	1.0	-4.511478017460514	1.0	-7.302534816159878	1.0	-4.631767623109707	1.0		0.0		0.0
samp_46	-1.6962843411818753	-4.852359758585315	1.0	-2.3220649470374948	1.0	-4.697039829749133	2.0	-4.492085452692967	4.0	-0.634955261198146	1.0		0.0	-4.668061808076	2.0	-4.987905411601365	2.0		0.0	-4.048407740853279	2.0		0.0		0.0		0.0		0.0		0.0
samp_47	-1.4221757685880492	-4.949585539896524	2.0	-2.319163687440078	1.0		0.0	-4.582921062184024	1.0		0.0		0.0	-4.7616928457619565	1.0		0.0		0.0	-4.1254855655402665	3.0		0.0	-7.3406431739567015	2.0		0.0	-0.35114884754806475	4.0	-4.944423165254757	1.0
samp_48	-1.168805511933092		0.0	-2.3081106599556924	1.0	-4.8738997507480555	5.0	-4.6606866614276985	1.0		0.0		0.0		0.0		0.0	-1.613120537224609	1.0		0.0	-4.613280155341773	2.0	-7.457389624851485	1.0	-4.742672227347123	3.0		0.0	-5.031954523896956	1.0
samp_49	-1.4742521971501426	-4.931539374480916	3.0	-2.320541535501736	2.0		0.0		0.0	-0.6315417475206287	1.0		0.0		0.0	-5.0686351036610855	1.0		0.0	-4.11150074559161	3.0		0.0	-7.316463397379581	2.0		0.0	-0.3505141613246168	2.0	-4.925786642339384	1.0
samp_50	-1.2970550143921977	-4.992036125023535	1.0		0.0	-4.833127741069869	2.0	-4.622128020491994	2.0	-0.6285060911915386	2.0		0.0	-4.802325372917648	1.0	-5.130512575371955	1.0		0.0	-4.15773681850726	1.0		0.0	-7.398511193808043	2.0	-4.701470380950431	1.0	-0.3524374366713747	2.0		0.0
samp_51	-1.3790762862114085		0.0	-2.3177645545109056	1.0		0.0	-4.596598583083361	2.0	-0.6299192822546332	2.0		0.0	-4.77584957707387	1.0	-5.10218297987688	2.0		0.0	-4.1368139051285295	2.0	-4.550787112604798	1.0	-7.360612022472338	2.0	-4.6743212231314795	2.0		0.0		0.0
samp_52	-1.2969575955944341	-4.99206568678794	2.0	-2.3145109466823004	1.0	-4.833159682998353	3.0	-4.622154868700376	1.0		0.0		0.0	-4.802355490426837	1.0	-5.130543324684042	2.0	-1.6215212421373297	2.0		0.0		0.0	-7.398557530832964	1.0		0.0		0.0	-4.988349413639194	2.0
samp_53	-0.9200271508469132	-5.111222446699355	1.0		0.0		0.0	-4.730390973869601	1.0		0.0	-4.799742421970046	1.0	-4.915394058640029	2.0		0.0	-1.5970488271732475	3.0	-4.242546818590518	1.0		0.0	-7.5696609803748744	2.0		0.0		0.0	-5.112226665340468	4.0
samp_54	-1.4174485375670989		0.0		0.0		0.0	-4.584427506819614	2.0		0.0	-4.646636971071303	1.0	-4.763255657728688	2.0	-5.0887497542963676	1.0	-1.6292423983195665	1.0		0.0	-4.538895222159078	4.0	-7.342843871247112	1.0		0.0	-0.3512006856760249	2.0	-4.946107240733679	1.0
samp_55	-1.3728790931227979	-4.966468977520517	1.0	-2.3175630833126464	1.0		0.0		0.0	-0.6298117221641222	1.0	-4.6613222831580154	1.0	-4.77784281613871	1.0	-5.1043565946019624	1.0	-1.6264242297193496	3.0		0.0	-4.552681175407617	2.0	-7.3634759762477655	2.0	-4.67638010270401	1.0	-0.35170207046525803	1.0		0.0
samp_56	-1.559386400040392		0.0	-2.322008975300128	4.0	-4.745131631911729	1.0		0.0		0.0	-4.598672806600622	3.0		0.0		0.0	-1.6377996550575402	2.0	-4.087956990400991	1.0	-4.493694383181315	1.0	-7.276876841136039	1.0	-4.612611215030081	1.0	-0.34933741419017544	1.0		0.0
samp_57	-1.372437698674687	-4.966618172586467	1.0	-2.317523116346029	1.0		0.0		0.0	-0.6298024663056606	2.0	-4.6614811770519875	1.0	-4.778023435051366	1.0	-5.10448945254136	2.0		0.0	-4.138552805704919	1.0	-4.552838987964238	1.0	-7.3636651944837626	1.0		0.0	-0.3517092255577932	3.0	-4.962009714240838	1.0
samp_58	-1.3242885712357981	-4.982905951030974	1.0	-2.3156743424088724	3.0		0.0	-4.613716172264274	1.0	-0.6289794248700806	1.0	-4.677159365720927	2.0		0.0	-5.121166106707669	1.0		0.0	-4.15088106702799	1.0		0.0	-7.385950292800789	1.0	-4.692525707281332	2.0	-0.3521887492253515	2.0		0.0
samp_59	-1.0645817714846368		0.0	-2.301944491455845	1.0	-4.905839723573421	3.0		0.0	-0.6245147150599235	1.0	-4.757865464427495	2.0	-4.8738167163401815	1.0	-5.207654804390695	1.0	-1.6062985616037495	2.0		0.0		0.0		0.0	-4.774960383920424	2.0		0.0	-5.066308973355999	2.0
samp_60	-1.6101771925179338	-4.883480179004707	1.0	-2.322381314678526	2.0		0.0	-4.521304339725511	1.0		0.0		0.0	-4.698110916012398	1.0	-5.019610459627819	3.0	-1.6406484546856188	2.0	-4.073520629273249	1.0		0.0	-7.253230044306436	1.0	-4.594763295616296	1.0	-0.3485410320448696	2.0		0.0
samp_61	-1.2259646356482432		0.0		0.0	-4.855921801877437	1.0	-4.643712249916331	1.0	-0.6272756620985943	3.0		0.0		0.0	-5.154613010982991	2.0	-1.6169073374468101	1.0		0.0	-4.596755234154831	2.0	-7.431211827073803	2.0		0.0	-0.3530274351256461	2.0	-5.012676839056469	1.0
samp_62	-1.1656665269661366	-5.035135877589211	2.0		0.0	-4.874882288325166	2.0		0.0		0.0		0.0		0.0		0.0		0.0	-4.189457807785405	4.0	-4.61417848967676	1.0	-7.458832260145565	2.0	-4.7436556530344385	1.0		0.0	-5.032970407484063	3.0
samp_63	-1.1275348149401785	-5.047338732334458	2.0		0.0	-4.886676110843936	1.0	-4.672725932947633	2.0	-0.6255876409203454	3.0	-4.738927792889169	2.0	-4.854991696112643	1.0		0.0	-1.6104107714748115	1.0		0.0		0.0	-7.476207308049242	1.0	-4.75558761352789	1.0		0.0	-5.045673533390392	1.0
samp_64	-1.1398308868318652	-5.043423636120576	2.0	-2.3064601349864073	1.0		0.0	-4.669157122515506	2.0		0.0	-4.7351812223564	3.0		0.0	-5.183212654835104	1.0	-1.6112181791870308	2.0		0.0		0.0	-7.470602965052085	1.0	-4.751758036335216	1.0	-0.35367066223096444	1.0	-5.041599467407765	1.0
samp_65	-1.199022748519453	-5.02434784777403	2.0		0.0	-4.8644264586940915	2.0	-4.651757713605854	2.0	-0.6268142520586788	1.0	-4.716925239023533	1.0	-4.833128640805873	1.0	-5.1636306553479026	1.0		0.0		0.0	-4.6045865937182855	1.0	-7.4435597198410575	1.0	-4.733105320642962	3.0		0.0		0.0
samp_66	-1.2919765078042085	-4.993726448777873	2.0	-2.3142878064578873	1.0		0.0	-4.623689338996657	1.0		0.0	-4.687562144458018	1.0	-4.803942948982471	2.0	-5.132246540986532	1.0		0.0	-4.159006889515751	1.0	-4.5772375779905765	1.0	-7.400850532749824	1.0	-4.703129297662354	3.0	-0.3524763076140457	1.0		0.0
samp_67	-1.0463719632204622	-5.072846106950351	1.0	-2.3008116742453617	1.0	-4.911296277636516	1.0	-4.695856633713567	2.0	-0.6242236507241303	1.0		0.0		0.0	-5.213473778954509	1.0	-1.6051085280224053	1.0	-4.216270973244278	1.0		0.0	-7.513018785780047	2.0		0.0	-0.3542431224303259	1.0	-5.0722066761301665	3.0
samp_68	-1.5986180558408998	-4.887619262534885	1.0	-2.3223312521786568	2.0		0.0		0.0	-0.6335381527414238	1.0		0.0	-4.702101841836969	2.0	-5.023829041178438	2.0	-1.640009576812298	1.0	-4.076832584698061	1.0	-4.480879822879674	2.0		0.0	-4.598843958545496	1.0	-0.34873066857081436	1.0	-4.880525088366105	1.0
samp_69	-1.0760135895655065	-5.0636072816262185	1.0		0.0	-4.902384188980224	1.0	-4.687492382698027	1.0		0.0	-4.754455604587601	2.0		0.0	-5.203968235325686	1.0		0.0	-4.2097885120854786	2.0	-4.639334380776621	1.0	-7.499604716238481	2.0	-4.7714715756880075	1.0	-0.35406180577837826	1.0	-5.062586232482971	2.0
samp_70	-1.2995644821183063	-4.991197815185282	2.0		0.0		0.0	-4.621357906936936	2.0	-0.6285505386637361	1.0	-4.685125884623392	1.0	-4.80152199357083	1.0	-5.129651512105054	1.0		0.0	-4.157110707358398	1.0	-4.574960394585581	2.0	-7.397352927441687	2.0		0.0	-0.3524105616641514	1.0	-4.987447070888487	1.0
samp_71	-1.2736144393821778		0.0	-2.313458580582806	1.0	-4.840696145897821	1.0	-4.629301946896026	3.0	-0.6281045537622136	1.0	-4.69342826546269	2.0		0.0		0.0		0.0	-4.163562794276596	1.0	-4.58271171405563	2.0	-7.409307823817898	1.0	-4.709115504449524	1.0	-0.3526458678259656	1.0	-4.996393318746568	1.0
samp_72	-1.5318240732438408	-4.9113468997539345	1.0		0.0	-4.754645882606332	1.0	-4.547360472843316	1.0	-0.6324837998327709	1.0		0.0	-4.724958247655422	1.0	-5.048026102971686	1.0	-1.6362049886329424	2.0	-4.095670419908469	2.0	-4.502614853964865	3.0		0.0		0.0		0.0	-4.904970668133629	2.0
samp_73	-0.9911507253991203	-5.089823082952829	2.0	-2.2972178919953326	1.0	-4.927655382880872	2.0		0.0		0.0		0.0		0.0	-5.230954941022906	3.0		0.0	-4.2280372567635185	1.0		0.0		0.0	-4.797037816891092	1.0		0.0	-5.089894833964006	5.0
samp_74	-1.3151072389110834		0.0		0.0	-4.827260959137014	1.0		0.0		0.0	-4.680119949207674	1.0	-4.796548446386283	1.0	-5.124317924360922	2.0	-1.6227021351314443	3.0	-4.1531960586712575	1.0	-4.57028621284786	2.0	-7.390177093367001	1.0		0.0	-0.3522599904421088	1.0	-4.982064316412168	2.0
samp_75	-1.4501954961905157	-4.939903756054786	2.0	-2.3199500340979604	4.0		0.0	-4.57394181767522	1.0		0.0		0.0		0.0	-5.077184521371639	3.0		0.0		0.0	-4.52863350596979	1.0	-7.3276427335087115	2.0		0.0	-0.35080924801450547	1.0	-4.934422617703132	1.0
samp_76	-1.397090578968568		0.0	-2.318376855883265	1.0		0.0	-4.590903511734329	2.0	-0.6302216518492937	1.0	-4.653371059850232	2.0	-4.769954204935733	1.0	-5.095886207630963	3.0	-1.6279609615169282	1.0	-4.132110923243075	1.0	-4.5452248577975425	1.0	-7.352270468477954	1.0		0.0		0.0	-4.953321186392818	1.0
samp_77	-1.2527765715325485	-5.006734298414845	1.0	-2.3124586485617664	1.0	-4.847381266466601	1.0		0.0		0.0		0.0	-4.816354127182805	2.0	-5.145573295916423	1.0	-1.6186285028260259	1.0	-4.168679232950577	1.0	-4.588883388883784	1.0	-7.418896838112519	1.0	-4.715872544478234	1.0	-0.35283038814684275	2.0	-5.0035395313890785	2.0
samp_78	-0.8884903241297385		0.0	-2.2902220634655666	2.0	-4.957191724479817	1.0		0.0		0.0	-4.808570278596217	2.0	-4.924162729765114	1.0		0.0	-1.5950674718435476	1.0		0.0	-4.688949543502881	1.0	-7.5836576891274	5.0		0.0	-0.35496965474485875	1.0	-5.121955545919976	1.0
samp_79	-1.0342259551654005		0.0	-2.3000260936918613	2.0	-4.914927021257142	1.0	-4.699246429579756	1.0		0.0	-4.766855697068489	1.0	-4.882731445687596	2.0		0.0		0.0		0.0		0.0	-7.518493032206587	2.0		0.0	-0.3543012656038728	4.0	-5.076122444991649	2.0
samp_80	-1.4626593444508877		0.0	-2.3202112527377863	1.0	-4.778251256253157	2.0	-4.569919450702374	1.0		0.0	-4.631535644135139	2.0	-4.748250798443079	1.0	-5.07276082560095	1.0	-1.6320674335121563	1.0	-4.114639436966075	2.0	-4.5247029413201565	1.0	-7.321859968279984	1.0	-4.6460456089300415	1.0	-0.350646036368314	1.0		0.0
samp_81	-1.6387036868951996	-4.87322474368696	2.0	-2.3224132218261153	2.0		0.0		0.0	-0.6341519637172914	2.0		0.0	-4.6882190652204745	2.0	-5.009162652690074	1.0	-1.6421787962839194	1.0	-4.065289849503617	1.0	-4.467651893209219	2.0	-7.239946640629399	1.0	-4.584656473885612	1.0		0.0		0.0
samp_82	-1.6351525833945704		0.0	-2.322416950630318	2.0	-4.71868677663684	2.0		0.0	-0.6340974474999794	2.0		0.0	-4.689455504265822	2.0		0.0		0.0	-4.066316352333408	2.0	-4.468827858803043	1.0	-7.241598987680253	2.0		0.0	-0.34812201314791696	2.0		0.0
samp_83	-0.905048069894161		0.0	-2.291366002211988	1.0		0.0		0.0	-0.6219236612815471	1.0	-4.803947320015137	5.0		0.0		0.0	-1.5961106090484156	2.0	-4.245507667633143	1.0		0.0		0.0	-4.822180550475721	3.0	-0.35490377866273326	1.0	-5.116864166179268	1.0
samp_84	-1.4076832895169202	-4.954569361947941	1.0	-2.3187191469772497	1.0	-4.796732749129272	1.0	-4.5875393702408385	3.0		0.0	-4.649866594132131	1.0	-4.7664695326580775	1.0		0.0	-1.628633605250878	2.0	-4.12931131997206	1.0	-4.541929792109279	1.0	-7.347373390504472	2.0	-4.664710520934547	1.0		0.0		0.0
samp_85	-1.2463799623808478	-5.008844562375481	2.0	-2.3121602832436325	2.0	-4.849425581256564	1.0	-4.637567067459587	3.0		0.0	-4.702072394906041	1.0		0.0	-5.1477385155225805	1.0	-1.6182147032060632	1.0		0.0		0.0	-7.421836099610488	1.0		0.0	-0.352875963776232	1.0	-5.005726834594926	2.0
samp_86	-1.0494121117413562		0.0	-2.3010174664869374	1.0		0.0		0.0		0.0	-4.762367682551497	2.0		0.0	-5.212509971653532	2.0	-1.6052980356825106	3.0		0.0		0.0	-7.511624596691218	1.0	-4.779586260042617	1.0	-0.3542112268133811	4.0	-5.071245812641543	1.0
samp_87	-1.2870370766352826		0.0	-2.314069871128278	2.0	-4.83636919078695	1.0		0.0		0.0	-4.689143919005353	2.0		0.0	-5.1339339349052	1.0	-1.6208744366368473	2.0	-4.16023515955164	1.0	-4.578712340504333	2.0	-7.403128834445663	4.0		0.0		0.0		0.0
samp_88	-1.0828964171262985	-5.061449784816278	1.0		0.0	-4.900299201023245	3.0		0.0	-0.6248220180814322	2.0	-4.752397556991613	1.0		0.0	-5.201750005006245	2.0	-1.6074906800948583	1.0		0.0		0.0	-7.49648897562255	2.0	-4.769374178010976	2.0	-0.35402488468186766	1.0		0.0
samp_89	-1.5624524419500383	-4.900505660708354	2.0	-2.322044234186306	2.0	-4.744072687599766	1.0	-4.537237954723462	1.0	-0.6329703370499783	1.0	-4.5976201885796355	1.0		0.0		0.0	-1.637977069767503	3.0	-4.087089779172929	1.0		0.0	-7.275450098993741	1.0	-4.611540276141987	1.0	-0.3492896350409034	1.0		0.0
samp_90	-1.3009307221147286		0.0	-2.314684641991029	2.0	-4.831871774287071	2.0	-4.620937096655549	1.0		0.0	-4.684687935152349	1.0	-4.8010879678163345	1.0	-5.129185192352188	1.0	-1.6217781116983654	1.0	-4.156766659839254	1.0	-4.574553105841074	1.0	-7.396724171981218	1.0	-4.7002017426584715	2.0		0.0	-4.986974191353089	1.0
samp_91	-1.3956333678578572	-4.958700174449531	2.0		0.0		0.0	-4.591366481796847	1.0	-0.6302018603095557	6.0	-4.653849897282621	2.0		0.0	-5.0963964149116565	1.0	-1.6278669162034356	1.0	-4.132487792172171	1.0		0.0	-7.352945401534427	1.0		0.0		0.0		0.0
samp_92	-1.1422149900611884		0.0	-2.306607987360278	1.0	-4.88214914811499	1.0	-4.668461794056324	1.0	-0.6258346228503321	3.0	-4.73445115468866	3.0		0.0		0.0	-1.611379739663357	2.0		0.0		0.0	-7.469521662449645	1.0	-4.7510129258920974	1.0	-0.35365127400954366	2.0		0.0
samp_93	-1.200513951190344		0.0	-2.309824249444723	1.0		0.0	-4.651312318861586	1.0		0.0	-4.716462536135077	2.0		0.0		0.0	-1.615203386907373	1.0	-4.181265354662301	4.0	-4.604158338361333	1.0	-7.442879611176551	1.0	-4.73262977698649	1.0		0.0	-5.021293109417729	3.0
samp_94	-1.5133842385069678		0.0	-2.321343401977022	1.0	-4.760976223354902	1.0	-4.553415006515514	1.0	-0.6321829990630367	1.0	-4.614399455478226	1.0	-4.731206520878278	2.0		0.0	-1.635116848637515	1.0	-4.100780992421578	2.0		0.0	-7.298280814174743	1.0	-4.628606893418988	1.0	-0.34999515657318847	3.0		0.0
samp_95	-1.423212981055413	-4.949228161096806	2.0	-2.3191902669057165	1.0		0.0		0.0	-0.6306744138135172	1.0	-4.644717562921043	2.0		0.0		0.0	-1.6296037160788996	1.0	-4.1252092065996395	3.0	-4.537101504939946	1.0		0.0		0.0	-0.35113470642450884	2.0	-4.94405129328903	2.0
samp_96	-1.4122935526038405		0.0	-2.318854567857511	1.0	-4.795190914689605	1.0		0.0	-0.6304912694095661	1.0	-4.6483352513965555	1.0	-4.764954853778717	1.0		0.0	-1.6289246268951094	3.0	-4.1281023636325225	3.0		0.0	-7.34522117254084	2.0	-4.6631540745037166	2.0		0.0		0.0
samp_97	-1.172601888895531	-5.032901640255741	3.0	-2.3083170567135296	1.0	-4.872712622754707	1.0	-4.659566235790863	1.0	-0.6263628064464151	2.0		0.0	-4.841268700566558	1.0	-5.172411176363782	2.0		0.0		0.0		0.0		0.0	-4.7414737189307425	2.0		0.0	-5.0306815575343835	2.0
samp_98	-1.395617877102634	-4.958704635445271	1.0	-2.318325482137494	1.0		0.0		0.0	-0.630204452023842	2.0		0.0	-4.77043658976878	1.0	-5.096400638865245	1.0	-1.6278670372061457	1.0	-4.132492979244064	1.0	-4.545680065905963	2.0	-7.352954906004718	1.0	-4.668772564447168	1.0	-0.35144751727601276	2.0	-4.953842060916486	1.0
samp_99	-1.069018456766735	-5.065798136186711	1.0		0.0		0.0	-4.689476146178228	2.0	-0.6245956463046866	1.0		0.0		0.0	-5.206222914761626	1.0	-1.6065880765808496	1.0	-4.211334566701084	1.0	-4.641253788104432	1.0	-7.502768483080913	1.0	-4.773603546307858	2.0	-0.35411002798396524	2.0	-5.06486814187713	2.0
