run	log_F	b1I8_log_P	b1I8_weight	b2F5_log_P	b2F5_weight	b2G8_log_P	b2G8_weight	b2B1_log_P	b2B1_weight	b2G4_log_P	b2G4_weight	b2H8_log_P	b2H8_weight	b2A5_log_P	b2A5_weight	b2G3_log_P	b2G3_weight	b2H3_log_P	b2H3_weight	b2F3_log_P	b2F3_weight	b2G7_log_P	b2G7_weight	b2A6_log_P	b2A6_weight	b2B6_log_P	b2B6_weight	b2B4_log_P	b2B4_weight	b2B2_log_P	b2B2_weight	b2B7_log_P	b2B7_weight	b2B5_log_P	b2B5_weight	b2A2_log_P	b2A2_weight
fit	-5.781108700480195	-5.127546060395662	1.0	-2.3458130059002973	1.0	-4.915136079000125	1.0	-4.7374347633966485	1.0	-0.39309009625448743	1.0	-4.910371179744611	1.0	-4.877326341235018	1.0	-5.263988551296102	1.0	-1.7231763627867283	1.0	-4.134425227668413	1.0	-4.6002148670554055	1.0	-7.670340057276394	1.0	-4.668448020345975	1.0	-0.3187214033242504	1.0	-3.970264430240032	1.0	-4.449165353085309	1.0	-5.03628537035865	1.0	-6.081072366945136	1.0
samp_00	-6.782901664296097	-5.043505324340583	1.0	-2.2660552644025738	2.0	-4.831435958303104	1.0		0.0	-0.3070571382626664	1.0	-4.826728979881372	1.0	-4.793546950748971	1.0		0.0	-1.645831272631035	3.0	-4.051354013540078	1.0	-4.516719571389721	2.0		0.0		0.0	-0.2396832119238765	2.0		0.0	-4.365972619717645	2.0	-4.953442555854857	1.0		0.0
samp_01	-5.7137666977574995	-5.136016131295471	2.0		0.0	-4.923557029808366	1.0		0.0		0.0	-4.91878667159867	2.0	-4.88575373817872	1.0	-5.272479999960256	1.0	-1.7307359004549743	1.0	-4.142757265506793	2.0		0.0		0.0	-4.676803838252797	3.0	-0.3261403109339665	2.0	-3.9786223756423538	1.0	-4.457517603317511	1.0		0.0	-6.089332452214949	1.0
samp_02	-5.539102475565875	-5.160043854076678	1.0		0.0	-4.947458620357172	1.0	-4.769698123848357	1.0	-0.4238067112778287	3.0		0.0	-4.909672307969558	1.0		0.0	-1.75197655625007	2.0		0.0	-4.632399980879492	1.0	-7.7030228757216355	1.0	-4.700497088250024	1.0	-0.3466509467879903	3.0		0.0	-4.481207478988143	1.0	-5.06830039680522	2.0		0.0
samp_03	-5.544150499503408		0.0	-2.375280846761501	1.0	-4.946722236948267	3.0	-4.768963349929059	1.0		0.0	-4.94193262148237	2.0		0.0	-5.295857046770918	1.0	-1.7513322286854924	1.0		0.0		0.0	-7.7022672357152	1.0		0.0	-0.3460339440920048	3.0	-4.0015764446740745	2.0	-4.480475850795091	1.0	-5.067571737189059	1.0	-6.112130034417938	1.0
samp_04	-20.50523722740093	-4.987571455680003	2.0		0.0	-4.775637406364682	1.0	-4.597975935055006	2.0	-0.2443615267719084	1.0	-4.770967762742007	2.0	-4.737680176215018	2.0		0.0	-1.5920784617561936	1.0	-3.9956917408773194	1.0	-4.460935548824572	2.0	-7.53950874367817	1.0		0.0		0.0	-3.8309095910889517	1.0	-4.310337253902952	1.0		0.0	-5.946085613113261	1.0
samp_05	-5.54858566508312		0.0	-2.374649496160082	1.0	-4.946084805171593	1.0	-4.768326517762671	1.0		0.0		0.0	-4.908296095191372	1.0	-5.295206725137116	1.0	-1.7507581549416649	1.0	-4.165019411376578	2.0		0.0	-7.701602409722711	4.0	-4.69913383979653	3.0	-0.34552437749595477	1.0		0.0	-4.4798502294126505	1.0		0.0	-6.111502408528653	1.0
samp_06	-5.240997702325936		0.0	-2.4202371955615947	2.0		0.0	-4.817796582822972	1.0	-0.467087050162973	1.0	-4.990853527706236	3.0		0.0	-5.345329539763853	1.0	-1.7938165842514617	1.0		0.0		0.0	-7.753410808545081	1.0		0.0	-0.3856333941965423	1.0	-4.049948768098051	2.0	-4.528920996072551	2.0	-5.116083402513227	2.0	-6.160612094300918	1.0
samp_07	-5.153914372079361		0.0		0.0	-5.011660449347804	1.0	-4.8337326606910205	1.0		0.0	-5.00682101208284	2.0	-4.973909330335845	1.0	-5.361475392588651	1.0	-1.8074073027288984	1.0	-4.2295924028501375	1.0		0.0	-7.770518665233726	3.0	-4.7640851735596925	1.0		0.0		0.0		0.0	-5.131918475520553	3.0	-6.176525895887639	3.0
samp_08	-5.840244464121839		0.0		0.0	-4.908088297565725	1.0	-4.730396956136557	1.0	-0.38620827343979236	1.0	-4.9033242754314275	3.0	-4.870272611049323	1.0	-5.256882960544283	1.0		0.0	-4.1274458090053505	3.0	-4.593192196126432	1.0	-7.663326292328757	1.0	-4.661450030207524	3.0		0.0		0.0		0.0	-5.029308116481402	1.0	-6.074163367241683	1.0
samp_09	-5.906896000014963		0.0	-2.332060057611502	2.0	-4.900518003010323	1.0	-4.7228369819494445	1.0		0.0		0.0	-4.862696656362108	4.0	-5.249255749285896	1.0	-1.7099531624647852	1.0		0.0		0.0		0.0		0.0	-0.305623043823455	3.0		0.0	-4.43465620260512	1.0	-5.021810983103818	2.0	-6.066759991925843	2.0
samp_10	-6.085822415055347	-5.094312491398612	2.0	-2.314590478774112	1.0	-4.882058746502651	1.0	-4.704387679357983	2.0		0.0	-4.87730647992575	3.0		0.0	-5.23065011020989	2.0		0.0		0.0	-4.567251714518226	1.0	-7.637791920145309	2.0	-4.635609865465302	3.0		0.0	-3.9373737030547193	1.0		0.0		0.0		0.0
samp_11	-7.192963941082484		0.0	-2.2484970457350864	3.0	-4.8133447946232	1.0	-4.635708863262436	1.0		0.0		0.0	-4.77543601954367	1.0	-5.16156791670461	2.0	-1.628595289553355	3.0	-4.033332523369954	2.0	-4.498644572257554	1.0		0.0	-4.56734978553134	3.0		0.0	-3.868745905820408	1.0		0.0		0.0		0.0
samp_12	-6.6505146811927585	-5.0509540810985065	2.0	-2.2732249468529373	3.0		0.0	-4.661222858840874	1.0		0.0	-4.834147766393101	1.0	-4.80097885122775	1.0	-5.187199932509617	3.0		0.0		0.0	-4.524130954194903	2.0		0.0		0.0	-0.2470852062255978	1.0	-3.8942735947603824	1.0	-4.373362232924363	2.0		0.0	-6.006815873779736	1.0
samp_13	-7.006194142943391	-5.032790846578178	1.0	-2.255700486180029	2.0	-4.820753679574191	1.0	-4.643117683950482	1.0	-0.2953933667253173	1.0	-4.816053890433578	1.0	-4.782854122852641	3.0	-5.169004756054013	1.0		0.0	-4.0407122662968025	1.0	-4.506046694356995	1.0	-7.579965351037232	1.0		0.0	-0.22888622801112224	2.0	-3.8761655726228614	1.0		0.0	-4.942876340367744	1.0		0.0
samp_14	-5.420487475792331		0.0	-2.3926025732408345	1.0	-4.965479550421702	3.0	-4.787678009077788	1.0	-0.44033658617493426	2.0	-4.960677431139803	1.0		0.0	-5.314799320064032	1.0	-1.7677734174523445	1.0		0.0		0.0	-7.721625154126726	1.0		0.0	-0.3615942554850143	2.0	-4.020136249872591	3.0		0.0	-5.0861538744791135	2.0		0.0
samp_15	-5.566102804629964	-5.156126531613355	1.0	-2.3723431707638336	2.0	-4.943562973071379	1.0	-4.765810538123776	1.0	-0.42017969741605765	2.0	-4.938777466407563	1.0		0.0	-5.292667041165018	1.0		0.0	-4.162523603846223	2.0		0.0		0.0	-4.696635139364765	1.0	-0.3433635562630247	1.0		0.0	-4.477347625145778	1.0	-5.06444084448462	2.0	-6.1090130663313404	2.0
samp_16	-5.551289761601886	-5.1582648657770065	1.0		0.0	-4.9456912905713555	2.0		0.0		0.0	-4.940903787518279	3.0	-4.9079027637599	1.0	-5.2948125241662405	1.0		0.0	-4.164623313518651	1.0	-4.630641324435645	2.0	-7.701206919180581	1.0		0.0		0.0	-4.000559298426447	1.0	-4.479456004358448	1.0		0.0	-6.111111955994249	4.0
samp_17	-5.991687118031263	-5.103738737294283	1.0	-2.3234824969955175	3.0		0.0		0.0	-0.36967362941464477	1.0	-4.886693043417067	2.0	-4.853613292156693	1.0		0.0	-1.7016757803170643	1.0	-4.110957993776671	3.0		0.0	-7.646971523998625	1.0	-4.644938628823739	1.0		0.0	-3.9467154236604105	1.0	-4.425647066984684	1.0	-5.012820540815948	2.0		0.0
samp_18	-6.254755597941252	-5.079111151398875	1.0	-2.3001623966560625	1.0	-4.866917402914551	2.0	-4.689268763100957	1.0		0.0	-4.862186007125731	1.0	-4.829065274982593	2.0	-5.215418690416587	1.0	-1.679101515544515	2.0	-4.08663112245284	1.0		0.0	-7.623218180472963	1.0		0.0	-0.2743796106167057	1.0	-3.9222883953534673	1.0	-4.401276672671126	2.0		0.0	-6.034008587345281	1.0
samp_19	-5.344585621610116	-5.190583138900808	1.0	-2.403925737255279	2.0		0.0		0.0	-0.45140062984028556	2.0	-4.972998955816266	1.0	-4.940041988766155	1.0	-5.327259300896843	1.0	-1.7784725827494887	1.0		0.0	-4.662593614411858	1.0	-7.734505227150106	2.0	-4.73056695743334	1.0		0.0		0.0	-4.511252826419608	1.0	-5.0983701052908375	2.0	-6.142865692762538	2.0
samp_20	-5.901965583954921	-5.113407276402999	1.0	-2.3325655728387584	1.0		0.0	-4.723383537756581	1.0	-0.37929542299250146	2.0	-4.896309059072216	2.0	-4.863244355583996	1.0	-5.249803471414592	4.0		0.0	-4.120494883906832	1.0		0.0		0.0		0.0		0.0	-3.956283884694755	1.0	-4.435200426137494	1.0	-5.022354690510312	2.0	-6.067292728264992	1.0
samp_21	-5.6323455011159576	-5.1468330415741645	2.0	-2.363743714064128	1.0	-4.93432251992431	2.0		0.0		0.0	-4.929542892492599	1.0	-4.89652759356281	1.0		0.0	-1.7403497970038815	1.0		0.0	-4.619319430776803	1.0		0.0		0.0	-0.33547460539025725	4.0		0.0	-4.4681854375602805	1.0	-5.055286392741046	1.0	-6.099912654753909	3.0
samp_22	-5.835876894042076		0.0	-2.339670109612015	1.0	-4.908598497823981	4.0		0.0		0.0		0.0		0.0	-5.2574008508868255	1.0	-1.7172768821053261	2.0	-4.127955223795787	2.0	-4.593697209829315	1.0	-7.663837153927498	2.0	-4.661955075737186	1.0		0.0		0.0	-4.442677736072605	2.0		0.0	-6.074663244057726	2.0
samp_23	-25.858124625550946		0.0	-2.2115317968484627	5.0	-4.7756402690051525	3.0	-4.597979931235839	1.0		0.0		0.0	-4.737682601623873	3.0	-5.123736443565245	2.0	-1.592076271265032	1.0	-3.9956959507436824	1.0	-4.4609397478804755	1.0		0.0		0.0		0.0		0.0	-4.31034000879641	1.0		0.0		0.0
samp_24	-21.724172850191806	-4.987572321383591	1.0	-2.211534208581676	2.0	-4.775637204751451	1.0	-4.597976315511248	1.0	-0.244358383506558	1.0	-4.7709667778163745	1.0	-4.737682252624575	2.0	-5.123731563239337	1.0	-1.5920800809124604	1.0	-3.995691965635378	1.0	-4.460936013004295	1.0		0.0		0.0	-0.18151151192817525	3.0	-3.8309092352708207	1.0		0.0		0.0	-5.94608410880894	1.0
samp_25	-5.903497702297057	-5.113235902477967	2.0	-2.332413714582234	1.0	-4.900892627119839	1.0	-4.723211722018799	1.0		0.0		0.0	-4.863073793260857	2.0	-5.249633366383635	3.0	-1.710297518012922	2.0		0.0		0.0		0.0		0.0		0.0		0.0	-4.435039060750389	1.0	-5.0221839502449575	2.0	-6.067127676095439	3.0
samp_26	-19.462036570403736	-4.987572289087506	3.0		0.0		0.0	-4.597970218652307	3.0		0.0		0.0	-4.737682499485721	1.0	-5.123729775095034	2.0	-1.5920827840996954	4.0	-3.9956934304613116	1.0	-4.460937166857332	1.0		0.0		0.0	-0.1814920001684873	1.0		0.0		0.0		0.0	-5.946080515216265	2.0
samp_27	-5.223439951741719	-5.211745891228101	2.0	-2.423102965470431	2.0	-4.998829723728476	1.0	-4.820936960567433	1.0		0.0	-4.994002858512905	1.0		0.0		0.0		0.0		0.0	-4.683486529163805	1.0	-7.756754774313003	1.0	-4.75137827419001	2.0	-0.38807482587746617	1.0	-4.053051416909875	4.0		0.0	-5.119205615337093	1.0	-6.163745528602658	1.0
samp_28	-6.178833597879352		0.0	-2.306409571756841	2.0	-4.873458822092146	1.0		0.0		0.0	-4.868723388818578	2.0		0.0	-5.222005068054565	3.0	-1.6851543393517947	2.0	-4.093128724713079	2.0		0.0		0.0	-4.627088952275351	2.0	-0.28058769428601216	1.0	-3.928812498506991	1.0	-4.407780942084387	1.0		0.0	-6.0403717173504825	1.0
samp_29	-6.399039873102759	-5.067722156654666	1.0	-2.289294007892625	1.0		0.0	-4.677928069689347	2.0	-0.33282684416117286	1.0	-4.850850290791241	1.0	-4.817705955607007	3.0	-5.204000912066464	1.0		0.0	-4.075364529796597	1.0	-4.540814254690858	2.0		0.0	-4.609317834778211	2.0	-0.2634911209106734	1.0		0.0		0.0	-4.977320281680473	2.0		0.0
samp_30	-5.582106424303095		0.0	-2.3702241132495976	1.0		0.0	-4.763538734919072	2.0	-0.41805578685413614	1.0		0.0	-4.903498029224246	1.0	-5.290375045409917	1.0		0.0	-4.160278937199645	2.0	-4.626256867451496	1.0	-7.696717141192285	2.0		0.0	-0.34146189999036103	2.0	-3.996199915607551	4.0		0.0		0.0	-6.106768881986758	1.0
samp_31	-6.671080834999052	-5.049736334187022	3.0	-2.2720526327629083	2.0	-4.83764713639749	2.0	-4.660015133065445	1.0	-0.3137684850484306	1.0		0.0	-4.7997690132868565	1.0	-5.185986774183807	2.0		0.0		0.0	-4.522926211382515	1.0		0.0		0.0	-0.24588391236447787	2.0		0.0	-4.372161233044441	1.0	-4.959591565038688	1.0	-6.005646705447205	1.0
samp_32	-5.551116057582445		0.0	-2.374347205876079	1.0	-4.945715385309069	1.0		0.0	-0.42219451384051243	1.0	-4.940926083442225	2.0	-4.907925455509718	2.0		0.0		0.0		0.0	-4.630683591074281	3.0		0.0	-4.698765570612084	2.0	-0.3451822306687228	2.0	-4.000592632746689	1.0	-4.479474740258246	2.0	-5.0665779528016	1.0		0.0
samp_33	-6.689833216711528	-5.048648972608074	2.0		0.0	-4.8365627016846915	2.0	-4.658929417062778	1.0	-0.3125950347902471	1.0	-4.8318523120778325	2.0	-4.798682460049171	1.0	-5.1848920854892295	2.0		0.0	-4.056466253385448	1.0	-4.52184225064196	1.0	-7.594571122172234	1.0		0.0	-0.24481179746123982	2.0		0.0	-4.37107677963653	1.0	-4.95851785027608	1.0		0.0
samp_34	-5.535533223582706	-5.160568875974106	1.0	-2.3764383284770645	1.0		0.0		0.0	-0.4242898190959844	2.0	-4.943189988136366	1.0	-4.9101930424999845	2.0		0.0		0.0	-4.166883051929544	1.0	-4.632918401522775	1.0	-7.703558092121767	3.0	-4.701014156443764	3.0	-0.3470955319848833	2.0	-4.0028242784953525	1.0		0.0		0.0		0.0
samp_35	-4.878804534460508		0.0	-2.4851780011429425	2.0	-5.068119948008057	1.0	-4.889974893014018	1.0	-0.5264429607640438	3.0		0.0		0.0		0.0		0.0		0.0		0.0	-7.832681649701899	2.0	-4.819900006117918	2.0	-0.4382150595573641	2.0	-4.121124235659058	1.0	-4.600403311475491	2.0	-5.1879127122158	1.0	-6.23312250811472	1.0
samp_36	-5.13081824220104	-5.22908893982962	1.0		0.0		0.0	-4.838098732636265	2.0	-0.4844580439593678	1.0		0.0		0.0		0.0	-1.8110818116296783	1.0		0.0	-4.700592158779455	2.0	-7.775252449401629	2.0		0.0	-0.40114826634807765	2.0	-4.070004649059209	2.0	-4.549044221985019	4.0	-5.136272149647799	1.0		0.0
samp_37	-6.178293849596447		0.0	-2.3064574056921856	1.0		0.0	-4.695856697223862	3.0		0.0	-4.868774543388879	3.0	-4.835665128249702	1.0	-5.222053270879712	2.0	-1.6852064154466482	1.0		0.0		0.0	-7.629544235929561	2.0	-4.627134666306386	1.0	-0.280631010346524	2.0		0.0		0.0	-4.995075413335242	1.0	-6.040414183220507	1.0
samp_38	-22.455350277028177	-4.987576658314466	4.0	-2.21154044592893	2.0	-4.7756382255122425	1.0	-4.597971773507116	2.0	-0.2443536904554052	3.0	-4.77096787676627	1.0	-4.7376772738710695	2.0		0.0	-1.5920922590218685	1.0	-3.9956908433410585	1.0		0.0		0.0	-4.52983488651327	1.0		0.0		0.0		0.0		0.0		0.0
samp_39	-6.255299791352772	-5.07906564758331	2.0	-2.300119480584369	2.0	-4.86687117676656	1.0	-4.689222971973535	1.0		0.0		0.0	-4.8290189990470616	1.0	-5.215373260884058	1.0		0.0	-4.0865857760898106	2.0	-4.552093803348629	1.0	-7.62317491433989	1.0		0.0	-0.2743396852158949	2.0	-3.9222424983108652	1.0	-4.401230793028929	1.0	-4.988503869761317	1.0	-6.033959176261484	1.0
samp_40	-5.583272262739259	-5.153673155917025	2.0	-2.3700796386233725	2.0		0.0	-4.763376237458694	1.0	-0.4179004576503713	1.0		0.0		0.0	-5.290206007455485	1.0		0.0	-4.160111719919573	1.0	-4.62609410237434	1.0		0.0	-4.694219636504445	2.0	-0.3412886006538715	3.0	-3.996035067343272	1.0	-4.47493035115088	1.0	-5.062025937301003	1.0	-6.106614472804671	1.0
samp_41	-6.099940831252468		0.0	-2.313302726378134	1.0	-4.880711137713374	1.0	-4.703051316345925	1.0	-0.35885746614380465	1.0		0.0	-4.8428704732284835	3.0		0.0	-1.6918437348916358	2.0	-4.100320558973935	1.0	-4.565898239633385	2.0		0.0	-4.634285245016473	2.0	-0.28737555115625024	1.0	-3.9360336477510294	1.0	-4.414985220099682	2.0		0.0		0.0
samp_42	-5.605277063108079	-5.1505779190747765	2.0	-2.367214050179868	1.0	-4.938045304977376	1.0	-4.760303696129379	1.0	-0.4150046560341298	1.0	-4.933263863343839	1.0	-4.90025252761502	1.0		0.0	-1.7436497132814444	2.0		0.0		0.0	-7.693427951415712	1.0		0.0	-0.33866689463114624	2.0		0.0	-4.471880194911898	1.0	-5.058973942221273	3.0	-6.10357939361564	1.0
samp_43	-5.9826570295749875	-5.104681170288988	1.0	-2.3243703399185742	2.0		0.0	-4.714708582371203	1.0	-0.3706335302295176	5.0		0.0		0.0	-5.241055208560006	1.0	-1.7025402809005301	2.0		0.0	-4.577535086896993	1.0	-7.647856539516419	2.0		0.0	-0.2981983566982619	1.0	-3.9476480439373094	1.0		0.0		0.0	-6.058808605233103	1.0
samp_44	-7.201093468611533	-5.025067103284787	1.0	-2.2482022461024935	3.0	-4.813046485243741	2.0	-4.635414723701281	2.0	-0.28688379720881524	1.0		0.0		0.0	-5.161271367662248	5.0		0.0		0.0		0.0	-7.5729382850976865	2.0		0.0		0.0		0.0	-4.347657529712121	1.0		0.0	-5.9819355706950965	1.0
samp_45	-5.871820634466318		0.0		0.0	-4.904453183518194	1.0	-4.726766394214397	2.0		0.0	-4.899695989681753	1.0	-4.866634860248573	1.0	-5.253218479159961	2.0	-1.713507283005723	1.0		0.0	-4.589569181257824	3.0	-7.6597410580822345	1.0	-4.657849181877154	2.0	-0.3091790629049446	1.0		0.0		0.0	-5.02570685727082	2.0	-6.070600622270102	1.0
samp_46	-6.6745008331608755	-5.049538529563273	2.0	-2.2718637538488395	1.0	-4.837449369226791	2.0		0.0		0.0	-4.832737917040874	2.0	-4.799567981996993	2.0		0.0	-1.651518696578486	1.0		0.0	-4.522726352262337	3.0	-7.595396855049861	3.0	-4.591313137441266	1.0		0.0		0.0	-4.371960331563332	1.0		0.0		0.0
samp_47	-5.69376892209427	-5.1386102803609495	2.0		0.0	-4.926143744822841	3.0	-4.748423296212204	2.0		0.0		0.0		0.0	-5.275083833056617	1.0	-1.7330525706314297	1.0		0.0	-4.611178007083779	2.0	-7.681341043359656	1.0	-4.679364695511998	2.0		0.0		0.0		0.0	-5.047183662483269	4.0		0.0
samp_48	-5.849593189263205	-5.119371861492162	1.0	-2.3381690556505017	1.0	-4.907002276266347	1.0	-4.729312585915945	1.0		0.0		0.0	-4.86918599652184	1.0	-5.255788530383927	3.0	-1.7158344441596496	1.0		0.0	-4.592109881639572	1.0	-7.662254117791663	4.0	-4.660378373998516	1.0		0.0	-3.962185501009129	1.0	-4.441093742018808	1.0		0.0	-6.073103337491293	1.0
samp_49	-5.540139323186396	-5.159892365693577	1.0	-2.3758171641948755	2.0		0.0	-4.769547830435337	1.0	-0.423667036175484	3.0	-4.9425193251509025	1.0		0.0		0.0	-1.7518549189118	1.0	-4.1662213197377795	1.0	-4.632250525020643	1.0	-7.702869887797014	1.0	-4.700346631401761	1.0	-0.34652271579305305	1.0		0.0	-4.481057170665917	2.0		0.0	-6.1127033072967	2.0
samp_50	-5.788942817578458	-5.12658949478079	2.0	-2.344920473528547	3.0		0.0		0.0	-0.3921970394404807	1.0		0.0	-4.876370708484868	2.0		0.0	-1.7223200769178153	1.0	-4.133489972110503	1.0	-4.5992588633432225	1.0		0.0		0.0	-0.31784860025129513	1.0	-3.969313689554227	1.0	-4.448219779098893	2.0	-5.035343211694846	2.0	-6.080147882196331	1.0
samp_51	-5.353510417394126		0.0	-2.4025675926663017	1.0	-4.9763257605560405	1.0		0.0	-0.45007981446447703	1.0		0.0	-4.938557211513416	1.0	-5.325761130866295	1.0	-1.7771903319293023	2.0	-4.194832027603088	1.0	-4.6611178036666745	1.0	-7.73295283857905	2.0		0.0	-0.3703743294611576	1.0	-4.030852564324613	1.0	-4.509784904163177	1.0	-5.0969023059306915	1.0	-6.141395317682751	3.0
samp_52	-5.520317055388263		0.0	-2.3785117341984297	1.0	-4.950214854162053	1.0		0.0	-0.42636065615342517	3.0		0.0	-4.912429185295221	2.0	-5.299380855464223	1.0	-1.7543952850800637	1.0		0.0	-4.635143506384839	2.0	-7.70584936539718	1.0	-4.703228319218123	1.0	-0.34896350534935133	1.0	-4.0050370245910605	3.0		0.0	-5.071030561971705	1.0		0.0
samp_53	-6.352102254903616		0.0	-2.292696513356112	2.0	-4.8591112310307425	1.0	-4.681467727373148	1.0		0.0	-4.854385662338087	3.0	-4.821251355964083	1.0	-5.2075655296155645	1.0	-1.6718417820285791	1.0	-4.0788781563125855	2.0	-4.544350340985731	1.0		0.0		0.0	-0.26689618759217204	1.0	-3.9145030267170813	1.0		0.0	-4.980825151782187	1.0	-6.026428456864633	2.0
samp_54	-5.603815076023511	-5.15078010528778	2.0	-2.3674036898210904	1.0	-4.93824849179805	2.0	-4.760505390040808	1.0		0.0		0.0	-4.900455157077769	1.0	-5.287300274931285	1.0		0.0	-4.1572725153195424	2.0		0.0	-7.693620834872584	2.0		0.0		0.0	-3.993186770523181	1.0	-4.472082497064028	1.0	-5.059174592124179	2.0	-6.1037785564411955	2.0
samp_55	-5.718620861889686	-5.135387047358501	2.0	-2.3531200725216816	1.0		0.0		0.0	-0.4006289949148789	1.0	-4.9181662312383265	1.0		0.0		0.0	-1.7301806310245964	2.0	-4.14214174012059	2.0	-4.607985132307851	1.0	-7.6781474811410275	1.0	-4.676183728279607	2.0	-0.325595346022799	2.0	-3.9780060617864903	1.0		0.0	-5.044010333325453	1.0	-6.088723881269974	1.0
samp_56	-6.772633263265341	-5.04405273431995	2.0	-2.2665831963704726	1.0	-4.8319814896209206	2.0	-4.654345433280682	1.0	-0.30764761461045753	1.0	-4.827275150753133	2.0	-4.794092967384886	2.0	-5.180288020801084	2.0	-1.6463471210710476	2.0		0.0		0.0		0.0		0.0		0.0	-3.887400999393196	2.0		0.0		0.0	-6.000173518864683	1.0
samp_57	-5.521484300219013	-5.162641803321237	2.0		0.0	-4.9500419813504575	2.0	-4.772276163337139	1.0	-0.4262037870948896	2.0		0.0	-4.912257315066081	1.0		0.0	-1.7542529699019116	2.0		0.0		0.0	-7.705678319444318	1.0	-4.703057012193745	2.0	-0.34881880986885117	2.0	-4.004867152083559	3.0		0.0		0.0		0.0
samp_58	-5.147926826684544	-5.225809393494559	2.0	-2.4357436172399702	1.0	-5.012789801150139	2.0		0.0	-0.4817122464899899	1.0	-5.007952071011711	2.0		0.0	-5.362637755841538	1.0		0.0		0.0		0.0	-7.7717424241736435	1.0	-4.76518382491815	1.0		0.0	-4.066800524044659	2.0	-4.545827947913121	2.0	-5.133043493786328	2.0	-6.177653851253822	1.0
samp_59	-5.360746847924326	-5.1878811882496	1.0		0.0		0.0	-4.797305435595241	2.0	-0.4490153477662429	1.0	-4.970321328253213	1.0		0.0	-5.324551670432793	3.0		0.0	-4.193654389014253	2.0		0.0		0.0	-4.72791593280946	1.0		0.0	-4.029673891733414	1.0	-4.508602904367999	2.0	-5.095718094084499	1.0	-6.14021048420146	3.0
samp_60	-5.613608272897267		0.0		0.0		0.0	-4.7591508057546195	2.0	-0.41391620762328013	5.0	-4.932110663869221	1.0	-4.899096739403794	2.0	-5.285933336680481	1.0		0.0	-4.155933070114954	1.0	-4.621880740744271	1.0	-7.6922426877062815	1.0		0.0		0.0	-3.991842542957583	3.0	-4.470735781891975	1.0		0.0		0.0
samp_61	-6.59353399962464	-5.054436706292829	3.0	-2.276575087149502	3.0	-4.842332010006105	2.0	-4.664695701065159	2.0		0.0	-4.837617007635828	1.0		0.0	-5.190690878437506	1.0		0.0	-4.062197724791845	1.0	-4.527600062536454	1.0		0.0		0.0		0.0	-3.897748364019487	1.0		0.0	-4.96422068747298	1.0	-6.010173995697445	2.0
samp_62	-6.666609856877574		0.0	-2.2723094354724385	2.0	-4.837909827400896	2.0		0.0	-0.3140472745959186	1.0	-4.833198996636152	1.0	-4.800028529481651	1.0	-5.186247001962315	1.0	-1.6519543671261276	2.0	-4.05779683013706	3.0		0.0	-7.59582407502481	1.0	-4.591769155275715	1.0	-0.24614280719305037	1.0		0.0	-4.372416776365217	1.0		0.0	-6.005898860066163	1.0
samp_63	-5.609831044578065	-5.149944245523217	2.0	-2.3666312338326563	1.0		0.0	-4.759675693794099	2.0	-0.4144136078032101	1.0		0.0	-4.899619695586736	1.0	-5.286457562220717	1.0	-1.7430905131554508	2.0	-4.156450250681863	1.0		0.0		0.0	-4.69053976549471	1.0		0.0	-3.992361731828359	1.0	-4.471251505914708	2.0	-5.058349073903587	1.0	-6.102955098790435	2.0
samp_64	-5.654670543970784		0.0	-2.3609376051697706	1.0		0.0		0.0	-0.40862793455968827	2.0	-4.926528403599384	1.0	-4.893507495713309	1.0	-5.280297207681787	2.0		0.0	-4.15041466501962	1.0	-4.61631971867633	4.0		0.0	-4.684484054439995	1.0		0.0	-3.986307397117152	1.0	-4.465200817019778	1.0	-5.052299851739092	1.0	-6.096947861252036	2.0
samp_65	-6.780907214323226	-5.043611713387387	2.0		0.0	-4.831541290919357	2.0		0.0		0.0	-4.826833649781645	1.0	-4.793651605976166	1.0		0.0	-1.645930960516814	3.0	-4.051459556935621	2.0		0.0	-7.589911966911237	1.0		0.0	-0.23978412471387997	4.0	-3.8869628116326873	2.0		0.0		0.0		0.0
samp_66	-6.585185647723263	-5.054962104288156	1.0	-2.2770785662829325	2.0		0.0	-4.665217651431475	1.0	-0.3193548086780248	1.0	-4.838141420018849	3.0	-4.804978463759505	1.0	-5.1912162038761025	1.0	-1.656617125041497	1.0		0.0		0.0	-7.6004473218119735	3.0		0.0	-0.2510374497592184	3.0		0.0	-4.3773408668115	1.0		0.0		0.0
samp_67	-5.80565175109196	-5.124568262768505	1.0	-2.3430297338482666	1.0		0.0	-4.734473645945717	1.0	-0.3902079946148748	1.0		0.0	-4.874358813049219	1.0	-5.261000154943702	3.0		0.0	-4.131494865857085	1.0	-4.597260798266006	2.0		0.0	-4.6655053712087895	1.0	-0.3160643408185357	1.0	-3.967320717712658	2.0	-4.446223729737491	2.0	-5.03334858397416	1.0		0.0
samp_68	-5.115970176000082		0.0		0.0	-5.018909447905612	1.0		0.0	-0.4868505306832556	1.0		0.0	-4.981152997530333	3.0		0.0	-1.8134808632865218	1.0	-4.2366939246037765	1.0	-4.703428469622258	1.0	-7.778341598604064	2.0		0.0		0.0		0.0	-4.551861797414407	4.0	-5.139102705153676	3.0	-6.1837676282938725	1.0
samp_69	-6.414990644480407	-5.066543792499756	1.0	-2.288178556686605	1.0	-4.854396037203372	2.0	-4.6767565970251415	2.0		0.0		0.0	-4.8165327602211425	1.0	-5.202826094767078	3.0		0.0		0.0	-4.539644496337359	2.0		0.0	-4.608154134632965	1.0	-0.2623389514259295	2.0		0.0	-4.388829685512042	2.0		0.0	-6.021861020941993	1.0
samp_70	-5.8249064978125205		0.0		0.0	-4.909885569540005	1.0	-4.732191269665372	1.0	-0.3879684129023168	1.0	-4.905124443346626	1.0	-4.8720713786085525	1.0	-5.258693967307445	2.0	-1.7184418663774925	1.0		0.0	-4.594982208488364	1.0	-7.665112177564908	2.0		0.0	-0.3140476099421238	4.0		0.0	-4.44395741470437	2.0	-5.031086662959214	1.0		0.0
samp_71	-5.153857407935416		0.0		0.0		0.0		0.0	-0.4807650488149744	1.0	-5.006832075221688	1.0	-4.97391814565863	1.0	-5.361509857721722	1.0	-1.8073887936434228	1.0	-4.229600218200841	2.0	-4.696245551550867	2.0		0.0	-4.764082417083414	2.0		0.0	-4.065698108614443	1.0	-4.544721107543912	1.0	-5.131929148120204	2.0	-6.176543849079444	3.0
samp_72	-5.861809757253382	-5.117959939755752	1.0	-2.336844884364681	1.0		0.0		0.0		0.0	-4.900836586034183	2.0	-4.867776522565145	4.0	-5.254369855857054	1.0		0.0	-4.1249835287879755	2.0		0.0	-7.660864122147067	2.0		0.0		0.0		0.0	-4.439698832068388	2.0	-5.026838140370883	1.0	-6.071727994426557	2.0
samp_73	-5.429017825800398	-5.176818625271643	1.0		0.0		0.0		0.0	-0.4391164938730781	2.0	-4.959334841519425	1.0		0.0		0.0		0.0	-4.182816972152206	3.0	-4.648991560908246	2.0	-7.720223883661584	1.0	-4.717019898693056	4.0	-0.3604953739723592	2.0		0.0	-4.497719294784021	2.0		0.0		0.0
samp_74	-5.365487841890745	-5.187102155407581	2.0	-2.4007554754798925	1.0		0.0		0.0	-0.44831634773328705	3.0		0.0		0.0	-5.323762806104551	1.0		0.0	-4.192885023265431	1.0	-4.659153386939144	2.0	-7.7308789050241815	1.0	-4.72714066396554	2.0	-0.3687869152689901	1.0	-4.028900910348477	2.0	-4.5078296924116135	1.0	-5.09494394711854	1.0		0.0
samp_75	-5.714739906222688	-5.135887576656201	1.0		0.0	-4.923434652117463	1.0	-4.74571703041566	1.0	-0.4011063639970562	1.0	-4.918664296880993	1.0	-4.885629255238946	3.0		0.0		0.0	-4.142631447432007	2.0	-4.608478157377734	1.0	-7.678664704910248	1.0		0.0	-0.3260293387066702	1.0	-3.9784987558119567	2.0		0.0		0.0	-6.089210331166611	3.0
samp_76	-6.184668805114097	-5.085163011550643	2.0	-2.305916682165815	1.0	-4.872945722202835	1.0		0.0	-0.350903443352811	1.0	-4.868210361418666	1.0		0.0		0.0	-1.6846777899725152	1.0	-4.092614501671047	2.0	-4.558151707931487	4.0		0.0	-4.626573463946672	4.0		0.0		0.0	-4.407268435223876	1.0		0.0		0.0
samp_77	-6.053901879923495		0.0	-2.3175302131443485	1.0	-4.885160827510803	3.0		0.0		0.0	-4.880416846047196	3.0		0.0	-5.233782115071607	1.0		0.0	-4.104734487248546	1.0	-4.570337348619902	3.0	-7.640814625031842	1.0	-4.638702954161143	2.0	-0.2915343447785965	1.0	-3.9404642486078423	1.0		0.0	-5.006609828270184	1.0		0.0
samp_78	-5.535737013183982		0.0	-2.3764126218048105	3.0	-4.947950343206002	1.0		0.0		0.0	-4.943161194658395	2.0		0.0	-5.297092746039414	1.0	-1.7524101608102682	1.0	-4.166851714402368	1.0	-4.632890332667162	1.0	-7.703534572611613	1.0	-4.700982812075828	3.0		0.0		0.0	-4.481694707325095	1.0	-5.0687856899150106	2.0	-6.113337345800335	1.0
samp_79	-6.615780421767443	-5.05305582016841	4.0	-2.2752486188918724	2.0		0.0	-4.663318919580401	1.0		0.0	-4.8362423747713015	1.0		0.0		0.0	-1.6548267230082399	1.0	-4.060827557897614	1.0	-4.526225743893301	2.0	-7.598668883027131	1.0		0.0	-0.24916225397033828	2.0	-3.8963733732383408	1.0		0.0	-4.962860226827029	1.0	-6.008843039333908	1.0
samp_80	-6.4564912650951	-5.063561109798135	3.0		0.0	-4.8514275952700725	3.0	-4.6737854735414786	1.0		0.0	-4.846705234986381	1.0	-4.813557679380281	1.0		0.0	-1.6646613472348435	3.0		0.0	-4.53668243571562	2.0		0.0	-4.605201056968364	1.0		0.0		0.0	-4.385869722987144	1.0		0.0	-6.018976778788908	2.0
samp_81	-5.259007447243892	-5.205355860457854	1.0	-2.4173308117771493	1.0		0.0	-4.8146100290964045	1.0	-0.4643109294442854	2.0		0.0		0.0		0.0	-1.7910900849626674	1.0	-4.210737240059744	3.0		0.0		0.0	-4.7450971292711905	3.0	-0.38315520670245123	1.0	-4.046796187865674	1.0	-4.525764368148067	2.0	-5.112916008022719	1.0	-6.157434828544591	1.0
samp_82	-6.234144623193512		0.0		0.0	-4.8686546510656505	1.0	-4.691003304610314	2.0	-0.3464717282904987	1.0		0.0	-4.830802785009231	2.0	-5.2171673167473775	1.0	-1.6807096011386087	3.0	-4.088353646253005	1.0	-4.553873019223466	2.0	-7.6248701279302145	1.0	-4.622313367521379	1.0		0.0		0.0		0.0	-4.990270073798897	1.0	-6.035696717642898	2.0
samp_83	-5.889061032488738	-5.114853119860917	1.0	-2.3339335867169053	1.0		0.0		0.0		0.0		0.0		0.0	-5.251256053421138	2.0	-1.7117586696174583	4.0		0.0	-4.587627561734586	2.0	-7.657806792722591	3.0		0.0	-0.30742045439276594	1.0	-3.957717233200069	2.0		0.0	-5.023779311712484	1.0	-6.068704361489524	1.0
samp_84	-4.927995217087668		0.0		0.0	-5.057343770165147	1.0	-4.879244452028659	1.0	-0.5180377443873848	2.0	-5.052471173532589	1.0		0.0		0.0	-1.845314515740584	2.0	-4.2743890359954975	1.0		0.0		0.0	-4.809251404768332	1.0	-0.43085279550414135	1.0	-4.11056577592535	6.0		0.0	-5.1772233845598965	2.0		0.0
samp_85	-6.452126952308089	-5.0638732249380976	1.0	-2.285614847380703	1.0		0.0	-4.674098154878481	1.0	-0.3287815763333503	1.0	-4.847016593450715	1.0	-4.813867343851467	3.0	-5.200145129241262	1.0		0.0	-4.071543285137638	2.0	-4.536991655667442	1.0	-7.608788324883882	2.0	-4.6055058856741375	3.0	-0.2597293182419618	1.0		0.0		0.0		0.0		0.0
samp_86	-6.539486204122535	-5.05790675843672	3.0		0.0	-4.845790146194478	2.0		0.0		0.0	-4.841073943191431	2.0	-4.807915614584259	1.0	-5.194165460790689	1.0	-1.6593767615390829	2.0	-4.0656363313603086	1.0	-4.531052606132128	1.0	-7.603184868318456	1.0	-4.599600815139345	1.0	-0.25395564212554395	1.0	-3.901203806780477	1.0		0.0		0.0	-6.0135179187990815	1.0
samp_87	-5.8263745361204435	-5.122095848851818	1.0	-2.3407187070021047	3.0		0.0	-4.732019154736269	1.0	-0.3878014197955644	2.0	-4.904951831978788	1.0	-4.871899440677467	2.0		0.0		0.0	-4.129059439383318	1.0	-4.594810787889365	1.0	-7.6649392213176855	1.0	-4.663067608173756	1.0		0.0	-3.9648787656065667	1.0	-4.443783638981024	1.0	-5.0309155701526205	1.0	-6.075756617955771	1.0
samp_88	-6.8475563689911345	-5.040179676329682	1.0	-2.2628514067461176	1.0		0.0	-4.650485192744953	1.0		0.0		0.0	-4.790227215832713	1.0	-5.176409939375438	2.0		0.0	-4.048053010711731	2.0	-4.513408134274408	5.0	-7.586751796200671	2.0	-4.582039970966545	1.0		0.0		0.0	-4.362671537575559	1.0	-4.950163237411752	1.0		0.0
samp_89	-5.45431043291738		0.0	-2.387729023668969	1.0	-4.960187776315114	2.0	-4.782398289204786	1.0	-0.43553374139356815	1.0		0.0	-4.922410964570229	2.0	-5.3094536965837476	1.0		0.0	-4.1789282949083395	2.0		0.0	-7.716139345005385	1.0	-4.71311019266785	1.0		0.0	-4.014903568476465	1.0	-4.493812116517446	2.0	-5.080909396230265	2.0	-6.12542146047374	1.0
samp_90	-7.507892062166483	-5.01542623213303	2.0	-2.2388281020433434	1.0	-4.803432026673781	1.0	-4.625791991123042	2.0		0.0	-4.79874311864853	1.0		0.0	-5.15161523344423	2.0	-1.6190727956024695	2.0		0.0	-4.488736061499507	2.0		0.0		0.0	-0.21104207352831872	3.0	-3.8588142377106727	1.0		0.0		0.0	-5.972689783954768	1.0
samp_91	-7.206711337687082		0.0	-2.2480146144896374	1.0	-4.812849479139891	3.0	-4.635211916504121	2.0		0.0		0.0	-4.774938878273283	2.0	-5.161068413184505	2.0	-1.628119274611578	1.0	-4.032839038824467	1.0		0.0	-7.572750557824715	1.0	-4.566856571240769	2.0	-0.22079326462057394	3.0		0.0		0.0		0.0		0.0
samp_92	-18.143124634967794		0.0	-2.211533827440948	3.0		0.0	-4.597976295633929	4.0		0.0		0.0		0.0	-5.123732182688186	1.0	-1.5920789317248014	2.0	-3.995691419868389	2.0	-4.460929795629845	3.0	-27.699884615583652	1.0		0.0		0.0	-3.8309133177627133	1.0	-4.310342411118957	1.0		0.0		0.0
samp_93	-4.93932558501284		0.0		0.0	-5.054900774038934	1.0	-4.876813124680705	3.0		0.0	-5.050029751890606	1.0		0.0		0.0		0.0		0.0	-4.73915867018373	1.0	-7.817895336363439	2.0	-4.806839390974631	3.0	-0.4291596714732282	1.0	-4.108173102247972	2.0	-4.587382459258069	1.0	-5.174802515139867	2.0	-6.219825928588136	1.0
samp_94	-5.2430400085031295		0.0		0.0	-4.995314373451806	1.0		0.0	-0.4667691603750925	3.0	-4.990490152365589	1.0	-4.957555928054818	1.0	-5.344960538809154	1.0	-1.7935086847757837	1.0	-4.213520826020232	1.0	-4.679994103524364	1.0	-7.753009233066675	1.0	-4.747898676464685	1.0	-0.38535486308965	1.0	-4.049586727111518	1.0	-4.528561774370516	1.0	-5.115721400009933	2.0	-6.160250020380866	1.0
samp_95	-5.295669440617371	-5.198923454946247	1.0		0.0		0.0		0.0		0.0	-4.981277526134674	1.0	-4.948333697691474	3.0	-5.335636787807528	1.0		0.0		0.0	-4.670832780326441	2.0	-7.743260348656019	1.0	-4.738772580050753	1.0	-0.37813916402035275	2.0	-4.0404973000352165	1.0	-4.519448759487975	1.0	-5.106584541649029	1.0	-6.151086217949801	3.0
samp_96	-5.686874701267793		0.0	-2.356958914482554	2.0	-4.9270421721737465	1.0	-4.749320191140185	1.0	-0.4045632455463092	1.0	-4.922270527187423	3.0	-4.889241659784845	1.0	-5.275999179243711	1.0	-1.7338520137593432	1.0		0.0		0.0	-7.682276890205886	3.0	-4.6802536171022755	1.0		0.0		0.0		0.0	-5.048075517186524	1.0	-6.092759077054343	2.0
samp_97	-6.009673631379718		0.0	-2.3217325206165285	1.0	-4.889594165416584	2.0	-4.711925616704803	1.0	-0.3678367650594355	1.0	-4.884846960399456	1.0	-4.851762707693956	1.0	-5.238248686063342	1.0	-1.6999936733745749	2.0	-4.109128993648542	1.0	-4.574756943424714	2.0		0.0		0.0		0.0	-3.944875790873142	2.0	-4.423810494798679	1.0	-5.010995269116932	1.0	-6.056088447376852	1.0
samp_98	-5.1881426223782	-5.21823466803416	1.0		0.0	-5.0052716704726405	1.0	-4.827358963174086	1.0	-0.475334999894807	1.0		0.0	-4.967517631158725	1.0		0.0	-1.8019731413826077	1.0		0.0	-4.689887527601609	2.0		0.0	-4.757753799800069	3.0	-0.39301833236157174	2.0		0.0	-4.538402920558481	3.0		0.0	-6.170160898202946	2.0
samp_99	-6.720999461612318	-5.046878951601997	1.0		0.0	-4.83479933476066	2.0		0.0		0.0	-4.8300882569277555	1.0		0.0	-5.18311863688169	1.0	-1.6490143198396634	2.0		0.0	-4.520077497195631	4.0		0.0		0.0	-0.24304274657208186	5.0	-3.8902196110705596	1.0		0.0		0.0	-6.002891445959048	1.0
