run	log_tbg	log_alphap	log_betap	b14A8_log_P	b14A8_weight	b14A9_log_P	b14A9_weight	b14B1_log_P	b14B1_weight	b14B2_log_P	b14B2_weight	b14B3_log_P	b14B3_weight	b14B4_log_P	b14B4_weight	b14B5_log_P	b14B5_weight	b14B6_log_P	b14B6_weight	b14B7_log_P	b14B7_weight	b14B8_log_P	b14B8_weight	b14B9_log_P	b14B9_weight	b14C1_log_P	b14C1_weight	b14C2_log_P	b14C2_weight	b14C3_log_P	b14C3_weight	b14C4_log_P	b14C4_weight	b14C5_log_P	b14C5_weight	b14C6_log_P	b14C6_weight	b14C7_log_P	b14C7_weight	b14C8_log_P	b14C8_weight	b3E5_log_P	b3E5_weight
fit	-5.882126393665999	4.530803910383208	-0.09578134880908307	-10.359107670232275	1.0	-12.303569237841957	1.0	-5.961324059427417	1.0	-11.03666123582424	1.0	-10.173287637794061	1.0	-5.387301765667888	1.0	-11.139937029437535	1.0	-6.392183044954151	1.0	-7.224449691546326	1.0	-3.522746768973644	1.0	-11.809365708321572	1.0	-9.98684820792612	1.0	-3.456444854855625	1.0	-5.76351863355984	1.0	-9.166160197489651	1.0	-3.6701563633934016	1.0	-5.381851034795043	1.0	-5.205814209359132	1.0	-5.120187655619279	1.0	-4.502685756743464	1.0
samp_00	-5.729732502896752	4.859051390181427	-0.2419894175722361	-10.577320971022557	3.0	-12.572928966416825	1.0	-6.029595089780743	1.0	-11.245634383502797	1.0		0.0		0.0		0.0	-6.4768380675085915	2.0		0.0	-3.5043245249313495	1.0	-12.051336658150449	3.0	-10.183395024724152	1.0		0.0		0.0	-9.371146535575212	2.0	-3.649614103402143	2.0	-5.42445390821259	1.0		0.0		0.0	-4.511704026052632	2.0
samp_01	-5.793028002517746	4.783936482751554	-0.17917036605957565	-10.551460155227607	1.0		0.0	-6.028756060083279	1.0		0.0	-10.357208829997143	1.0		0.0	-11.324386897971765	1.0	-6.472235727956284	1.0		0.0		0.0	-12.013758716317104	3.0	-10.161763722533667	2.0	-3.4542103649673175	1.0		0.0	-9.34445346148925	1.0	-3.6611910390341955	1.0	-5.429167438496113	3.0	-5.244684229409521	2.0	-5.158835092448695	1.0	-4.521078275017676	1.0
samp_02	-5.883852738177278	4.469250769136297	-0.06068265877716392		0.0	-12.276327135795027	3.0		0.0		0.0	-10.147269427787837	2.0	-5.382879054793094	1.0	-11.113876841644588	1.0	-6.381784401187831	1.0	-7.210304506309792	1.0	-3.52886021710699	1.0	-11.782040941104551	1.0		0.0	-3.460846096678889	1.0		0.0	-9.142264470153306	1.0	-3.676715457891337	1.0	-5.377082394734207	1.0	-5.2027641267009	2.0	-5.117005678476633	1.0	-4.5033946908377045	2.0
samp_03	-5.84641455109526	4.422697606506192	-0.04078590221487933	-10.314576623355716	4.0	-12.270108850529708	1.0	-5.9441831839826405	1.0	-10.992683523932802	3.0	-10.129607893728615	1.0	-5.376916856707305	1.0	-11.096274526948578	1.0	-6.372214046842398	1.0	-7.200315905733262	1.0	-3.531954409838638	1.0	-11.769178614856841	1.0		0.0	-3.4627281451914214	1.0	-5.749722168299951	1.0		0.0		0.0	-5.370853446795987	1.0	-5.197806717665284	1.0		0.0		0.0
samp_04	-5.898297297820905	4.257627568834299	0.020994934995535612	-10.197295766197024	2.0	-12.139347785564619	1.0		0.0	-10.88135649346814	2.0		0.0	-5.344793293940596	1.0	-10.984665641874729	1.0		0.0	-7.1361242066947534	2.0		0.0	-11.645400571035085	2.0	-9.839433138618592	2.0	-3.465434021483847	2.0	-5.711212942694376	1.0		0.0	-3.686321594312988	1.0	-5.338111844717074	1.0	-5.169573325878932	2.0		0.0		0.0
samp_05	-5.838646516858108	4.594784069700833	-0.17224905569813018	-10.357035256668476	1.0	-12.314747894367617	1.0		0.0	-11.033615871284239	1.0	-10.170246732102171	3.0	-5.372866924385025	1.0		0.0	-6.383056326840376	1.0	-7.219242018839235	1.0	-3.5066918261494764	3.0		0.0		0.0		0.0	-5.750594214721817	1.0	-9.165592899604421	1.0	-3.652585695705199	1.0	-5.367922816444352	1.0	-5.19029832047025	3.0	-5.10531318425676	1.0		0.0
samp_06	-5.814266769496698	4.549060132103361	-0.11340365198534302		0.0	-12.341682814000277	1.0	-5.962611212119092	1.0	-11.051625216726986	1.0	-10.188312636422673	1.0	-5.386794940831115	1.0		0.0		0.0	-7.233219974372383	1.0	-3.519504208372405	1.0	-11.835619990017019	3.0	-9.999721918578018	1.0	-3.453778307705865	1.0	-5.764188223795645	1.0	-9.184256845451076	2.0	-3.6666444864752217	1.0		0.0	-5.204758929597064	2.0	-5.119083233947982	2.0		0.0
samp_07	-5.833367515567629	4.138023237603674	0.17992658236174422		0.0	-12.213929491015831	1.0		0.0	-10.933786742235013	1.0	-10.071346942588207	1.0		0.0		0.0	-6.353906926325592	1.0	-7.172262463126768	2.0		0.0	-11.709931860733281	3.0	-9.888257339227836	1.0	-3.504940131230405	1.0	-5.745198228368637	2.0	-9.076525007991746	1.0		0.0	-5.37237059014502	2.0	-5.206257223423426	2.0	-5.1195544755708715	1.0	-4.525554514259011	1.0
samp_08	-6.017310107246241	4.281521494699651	0.05658568122453248		0.0	-12.140512514855734	1.0	-5.926630173013599	1.0	-10.913368581812952	1.0		0.0	-5.3690971475317255	2.0	-11.01615009472733	1.0	-6.348361997670211	2.0	-7.158500468303477	3.0		0.0		0.0	-9.870291491846526	1.0	-3.4777890568226413	1.0		0.0	-9.045121204036851	1.0	-3.700037520989803	1.0	-5.362466021030634	1.0	-5.19328927012646	1.0	-5.107473987319958	3.0		0.0
samp_09	-5.976736955716476	4.5058625869984805	-0.08735702239551317		0.0	-12.239849515365972	1.0	-5.9515848134416345	1.0		0.0		0.0	-5.380350386995277	1.0	-11.103398665970879	1.0	-6.37986534170785	2.0		0.0	-3.523032347799314	1.0		0.0	-9.953011712521711	3.0	-3.4561921705903265	2.0	-5.754614673508303	2.0	-9.125768904742518	3.0	-3.670391455365106	1.0		0.0	-5.199765942050746	1.0		0.0	-4.49949544937246	1.0
samp_10	-5.931411346900531	4.756895572336852	-0.1672346605802465	-10.504093586405254	1.0		0.0	-6.017676373946772	2.0	-11.17767468276028	3.0	-10.31406835654205	2.0		0.0	-11.28041869978991	1.0		0.0		0.0		0.0		0.0	-10.122946710711398	1.0	-3.4543777797796364	2.0		0.0	-9.29316815885527	1.0	-3.6620167948638787	2.0	-5.42222280342282	3.0		0.0	-5.153510878411186	2.0		0.0
samp_11	-5.9301647315730355	4.499109755396951	-0.052317478771767074		0.0	-12.290712897371579	2.0	-5.968569561862377	1.0	-11.038135902098167	1.0	-10.174230286693904	1.0	-5.396506929750795	1.0	-11.141087536211005	2.0	-6.398273873871332	2.0	-7.227084269269857	1.0	-3.5326317304630033	1.0	-11.80399424510021	2.0	-9.988855760584531	1.0	-3.4650386839765455	1.0		0.0		0.0		0.0		0.0	-5.215601103451317	2.0		0.0	-4.512964789705293	2.0
samp_12	-5.797791452273939	4.844694052070417	-0.24317993525974854	-10.546895983067971	2.0	-12.515897276689838	2.0	-6.019735668369328	1.0		0.0		0.0	-5.420767434149834	1.0	-11.320080255570593	1.0		0.0		0.0	-3.5030053760645923	4.0	-12.008609628880167	2.0	-10.157630189807133	1.0	-3.4445451431856755	1.0		0.0	-9.339514431590809	1.0	-3.6481466608680564	2.0	-5.417186168321284	2.0		0.0		0.0		0.0
samp_13	-6.0447480018433755	4.171952629141243	0.15741004358575028		0.0	-12.119455290913512	1.0	-5.928998946357295	1.0	-10.89891518133472	1.0	-10.032492936392465	1.0	-5.377070163849035	2.0	-11.001681081961541	2.0		0.0	-7.15414457738408	1.0		0.0		0.0	-9.856628386968262	3.0	-3.499465341468742	1.0	-5.7413748929430275	1.0	-9.030809913245495	1.0		0.0		0.0	-5.20327187749034	3.0	-5.117108816638785	2.0		0.0
samp_14	-5.853121431354491	4.743062344014763	-0.21005942328692262		0.0	-12.416651801938475	1.0	-5.99273486231563	1.0		0.0	-10.274784376423215	1.0	-5.403227078690572	2.0	-11.241470243688681	2.0	-6.431509611043399	1.0		0.0	-3.505389006957967	1.0	-11.91877318307084	2.0		0.0		0.0	-5.787455748642828	1.0	-9.261913152106745	2.0	-3.651014675975502	2.0	-5.399087054844139	1.0	-5.216640068568812	1.0		0.0	-4.501077481986481	2.0
samp_15	-5.86784264634397	4.743423538391328	-0.19680302440779598		0.0		0.0	-5.999218525520348	3.0	-11.148385987534164	1.0	-10.285100864366061	1.0		0.0		0.0	-6.438144073772669	1.0	-7.287082704907378	1.0	-3.508366090101144	1.0		0.0		0.0	-3.4474997172612616	2.0		0.0	-9.270638466821675	1.0	-3.6542950421824405	4.0	-5.405222515487186	4.0		0.0	-5.137504601578098	1.0		0.0
samp_16	-5.81178123440654	4.465335379591666	-0.09596970248173353	-10.310349519388145	3.0	-12.277257645004129	3.0		0.0		0.0	-10.124742431894553	2.0		0.0		0.0		0.0	-7.195043852685106	1.0	-3.519151233227808	2.0		0.0	-9.938692186477969	1.0		0.0	-5.73955943244617	3.0	-9.12549508831115	1.0		0.0	-5.360029048192281	2.0	-5.185954459523663	1.0	-5.1004539166561695	1.0		0.0
samp_17	-5.990508441550433	4.348527840947769	0.02876931516304631		0.0	-12.192173051625849	3.0	-5.942790101105127	2.0	-10.957491575585493	2.0		0.0	-5.380888272276575	1.0	-11.060284891733728	1.0		0.0	-7.182893222629661	2.0		0.0		0.0		0.0	-3.4754284485116895	1.0	-5.750523165939046	1.0	-9.086513813945079	1.0	-3.6961119312404236	1.0	-5.374513236653129	2.0		0.0	-5.117590869069044	2.0	-4.511496639025788	1.0
samp_18	-5.702461647681546	4.602409965166822	-0.15206455380234976	-10.416719037637552	3.0	-12.42590264004734	1.0		0.0		0.0	-10.22473776811631	2.0	-5.3894491887182205	2.0		0.0	-6.406371188303922	2.0	-7.25657158357989	1.0	-3.513228444045844	2.0	-11.896148901536419	1.0		0.0		0.0	-5.769794359986837	1.0	-9.22476391721782	3.0		0.0	-5.384239720033509	1.0		0.0	-5.120140749489543	1.0		0.0
samp_19	-5.8736552856663735	4.579061930433723	-0.09480467926866275		0.0	-12.357106431008553	1.0	-5.982994230770704	2.0	-11.08645023768972	1.0		0.0		0.0	-11.18971080030435	1.0	-6.416381043768907	1.0		0.0	-3.5256458636947	1.0	-11.862170106797922	2.0		0.0		0.0	-5.783585466888551	4.0	-9.212987661700698	1.0		0.0		0.0	-5.221846611879331	2.0	-5.1359431559775715	2.0	-4.513489658205759	2.0
samp_20	-5.904482852856204	4.476331443221478	-0.07386828208137634	-10.32051219171661	1.0	-12.259472264758358	2.0	-5.948308165447469	1.0		0.0	-10.13668791013406	3.0		0.0	-11.103418757116264	1.0	-6.376841975981408	1.0	-7.203506159144135	1.0	-3.525451747840697	1.0		0.0	-9.952343884143305	2.0	-3.457799108560963	1.0		0.0	-9.131224099577832	1.0	-3.6729939278462163	1.0		0.0	-5.198224913471611	2.0		0.0	-4.499290209775751	2.0
samp_21	-5.991669315384421	3.945508815590666	0.1924881389408143	-10.029769604978478	1.0	-11.952174854125627	4.0		0.0	-10.724405914404613	2.0		0.0	-5.304904678925345	1.0	-10.827504819457545	4.0		0.0	-7.051543762676728	2.0		0.0	-11.46842195637384	1.0		0.0	-3.486464416140877	2.0		0.0	-8.882605749661034	2.0		0.0	-5.2971282787852845	1.0		0.0		0.0		0.0
samp_22	-5.871118175914069	4.473517564204397	-0.024622144418795348	-10.376110858962544	2.0	-12.323260782050829	1.0	-5.974137616163251	1.0		0.0	-10.189443660075005	1.0	-5.402780972194357	1.0	-11.155907877912904	2.0	-6.4044764523511	1.0	-7.237346524194028	1.0	-3.539454725637705	1.0		0.0		0.0	-3.4708497125063222	3.0		0.0		0.0		0.0	-5.396833221644539	2.0	-5.222134792944214	1.0	-5.135844652591348	2.0	-4.51955537933023	1.0
samp_23	-5.9306113945161885	4.369046614113226	-0.03520072886236266	-10.244203364407154	1.0	-12.177760229271698	3.0		0.0	-10.927861316986878	1.0		0.0		0.0	-11.03098306902019	2.0		0.0	-7.162194858174123	1.0	-3.529427658857316	2.0	-11.689428180684377	2.0	-9.88375872512105	2.0	-3.459220539971127	2.0	-5.727595050131317	2.0		0.0		0.0		0.0		0.0	-5.094991668034733	1.0	-4.489916546919038	1.0
samp_24	-5.837044179378709	4.693444265250987	-0.1910694007534958		0.0		0.0	-5.982595588486925	1.0		0.0	-10.248235299987368	1.0	-5.396835884029901	2.0	-11.215142640556225	1.0	-6.419638150932991	2.0		0.0	-3.5074982512736916	2.0	-11.893984639903623	1.0	-10.057715246152007	1.0	-3.445633361184264	1.0	-5.779168200253917	1.0	-9.238265571529015	3.0	-3.6534166394045973	2.0		0.0	-5.2114883505032985	1.0		0.0	-4.499072441644088	1.0
samp_25	-5.709397782554576	4.695725789477715	-0.18281438018704466		0.0		0.0		0.0		0.0	-10.283766908567467	1.0	-5.405610711242575	2.0		0.0	-6.433780319069244	3.0	-7.2921773773790575	1.0	-3.510475876336368	2.0	-11.955666977165272	1.0		0.0		0.0	-5.789965001029185	1.0		0.0	-3.656749503772406	1.0	-5.400937960552359	2.0	-5.219583120573308	3.0	-5.133890761821982	2.0	-4.504578405414924	1.0
samp_26	-5.955022987132332	4.440072458718481	-0.0280256153615097		0.0	-12.243810037534573	3.0	-5.954652038489559	2.0	-10.998957585805572	1.0	-10.134615481466588	3.0	-5.386881192134561	3.0	-11.101845891055838	2.0		0.0	-7.204827852469418	1.0	-3.5360326230563293	1.0		0.0		0.0		0.0		0.0	-9.126530242173322	1.0		0.0	-5.380949032014188	1.0	-5.207469963664389	1.0		0.0	-4.509473704712911	1.0
samp_27	-5.925787836629633	4.329483880534038	-0.016242097657338195	-10.224708568560475	2.0	-12.159634908015285	1.0		0.0	-10.908896797853426	4.0		0.0		0.0	-11.012045662298586	1.0		0.0	-7.151619082592064	1.0	-3.532326847088456	2.0	-11.670308025100503	2.0	-9.86575827686934	2.0	-3.4610814492918704	1.0		0.0	-9.047310944290459	1.0		0.0	-5.346437232258631	1.0		0.0		0.0	-4.488252213481092	2.0
samp_28	-5.83148614683283	4.8080979156900945	-0.20451086251608924	-10.541583060397393	3.0		0.0	-6.023549205660356	2.0	-11.21149761233094	1.0	-10.348408881644463	1.0	-5.427262020934641	1.0	-11.314965934054394	1.0	-6.466661389377262	1.0		0.0	-3.5096653328553478	1.0		0.0	-10.154016174825086	3.0		0.0		0.0	-9.333060251125351	2.0	-3.6556225978323202	1.0		0.0		0.0	-5.1529442660804055	1.0	-4.515222688109902	2.0
samp_29	-5.860669231720536	4.2746478920948014	0.04316773202866663	-10.24667724772167	3.0	-12.198509023671381	1.0	-5.921562663949405	1.0	-10.927566098215081	1.0		0.0	-5.363316547701268	3.0	-11.031086456317862	1.0		0.0	-7.164148593646845	2.0	-3.547331779113847	1.0		0.0	-9.882679279957776	1.0	-3.473975702907291	2.0	-5.731270840287978	1.0	-9.068582494208679	1.0		0.0	-5.356554004182045	1.0		0.0		0.0	-4.5007525411416	1.0
samp_30	-5.968532418239377	4.573917461160405	-0.13774054325389626		0.0	-12.2613987971799	1.0	-5.95484858502167	1.0	-11.019559195902271	1.0	-10.154685021482672	2.0	-5.379360609800446	1.0	-11.122372481149998	2.0	-6.3850432395380645	2.0	-7.212057499964667	1.0	-3.5135550383582075	3.0		0.0	-9.971005296392597	1.0		0.0		0.0	-9.143319698305902	2.0		0.0	-5.374338922920428	1.0		0.0	-5.112345771003706	2.0		0.0
samp_31	-5.85205434918366	4.492744265317749	-0.1405833545520425	-10.282895345269889	1.0	-12.237332057027013	3.0		0.0		0.0	-10.09929739946582	2.0		0.0	-11.066051772015292	1.0	-6.350894150348561	1.0	-7.177777718107559	1.0	-3.5084027915014833	1.0	-11.736996454780737	2.0	-9.915302264134406	1.0		0.0	-5.725933580604386	2.0	-9.099581999241574	2.0	-3.6544058302892615	1.0		0.0	-5.172501754589446	1.0	-5.0875702992463445	1.0		0.0
samp_32	-5.960626915345591	4.039235442055246	0.19345862656002685		0.0	-12.061942712147966	1.0	-5.889445710219808	3.0		0.0	-9.959987886857771	1.0	-5.344223226957954	1.0	-10.926316755458634	1.0		0.0	-7.108589677603157	6.0		0.0		0.0		0.0	-3.498439271959143	2.0	-5.704833461546196	4.0		0.0		0.0	-5.336572570366735	1.0		0.0		0.0		0.0
samp_33	-5.946767069005507	4.257512719812267	0.0341239394648361		0.0	-12.127586420977904	1.0		0.0	-10.88338307373571	2.0		0.0	-5.350239674716664	3.0	-10.986469158090264	2.0		0.0	-7.138724738891045	1.0	-3.542538393507638	1.0	-11.64083129965138	2.0	-9.84187423260414	1.0	-3.4691451826404425	3.0		0.0	-9.023430208745681	3.0		0.0		0.0		0.0	-5.0894379202381135	1.0		0.0
samp_34	-5.720031720124403	4.657440176345681	-0.16784037572061772	-10.45197434443008	1.0	-12.453020480052464	1.0		0.0		0.0		0.0	-5.399855392077766	2.0		0.0		0.0		0.0	-3.5121008425711677	1.0	-11.927851646899354	2.0		0.0		0.0	-5.7824582694369875	4.0		0.0	-3.6585664578711494	2.0	-5.394969000460974	1.0	-5.214878686938994	2.0	-5.129181540230694	1.0	-4.502671139587269	3.0
samp_35	-5.965217669820057	4.436835401758356	-0.020597345791699608		0.0	-12.243089579269036	1.0		0.0		0.0	-10.13635794505837	2.0		0.0	-11.103751297206317	3.0	-6.383890491089914	1.0	-7.20633517973463	1.0		0.0	-11.760768380696744	1.0	-9.953477475257895	1.0	-3.468677312997005	3.0	-5.761931117107786	1.0		0.0	-3.6864973974601183	1.0	-5.3832066406815215	2.0		0.0	-5.123915115597418	2.0	-4.51172770199538	1.0
samp_36	-5.8449903752122845	4.7548589085156445	-0.17112253030448943	-10.518511829879426	1.0	-12.471590498267027	2.0		0.0		0.0	-10.32630543456064	1.0	-5.426397590207031	1.0		0.0	-6.459397883662391	1.0		0.0	-3.514945261172751	2.0	-11.972919472011148	1.0	-10.133025214787322	2.0		0.0	-5.812703864016399	1.0		0.0		0.0	-5.422109521225219	1.0	-5.238780393880518	1.0	-5.153102096749706	3.0	-4.518158962532172	3.0
samp_37	-5.937945053590908	4.436598305943551	-0.016086151170787988	-10.330301702356035	1.0	-12.260641893667477	2.0		0.0	-11.010832578969612	1.0		0.0	-5.392007735316964	2.0	-11.113788644485206	1.0	-6.387650505405883	2.0	-7.212361068875238	1.0	-3.5394047075512374	1.0		0.0	-9.962908431834888	1.0		0.0		0.0	-9.138845108665274	1.0		0.0	-5.3859958967684785	3.0	-5.212523383176806	2.0	-5.1264989645732	1.0	-4.513895838672952	1.0
samp_38	-5.788752056872151	4.706013776119919	-0.1519856048971717	-10.501332558691981	1.0		0.0		0.0	-11.172040665392151	1.0	-10.308555095122939	2.0	-5.421738575037495	1.0		0.0		0.0		0.0		0.0	-11.96448896309959	4.0	-10.114749007888793	2.0	-3.455520389752296	1.0	-5.806654273904301	1.0		0.0	-3.66477076932523	1.0	-5.417078195714073	2.0	-5.235227415783445	2.0		0.0	-4.517286584629192	2.0
samp_39	-5.876952677069464	4.459439494602901	-0.07792674116282705	-10.306355457943445	2.0	-12.253056909639863	2.0	-5.939782586915765	1.0	-10.985706496383333	2.0		0.0	-5.370932053917065	2.0		0.0	-6.367924398474798	1.0	-7.194574878160797	2.0	-3.523418270520674	1.0		0.0		0.0	-3.4555349424491326	2.0		0.0		0.0	-3.670743715854766	2.0	-5.365166762257188	2.0		0.0		0.0	-4.494106238720606	1.0
samp_40	-5.9184233016490975	4.275913347578488	0.05708773266437794	-10.246875419476723	1.0	-12.183125503792708	1.0	-5.927493788846227	1.0	-10.929809888966973	2.0	-10.06646777017782	1.0	-5.369433981477891	1.0		0.0		0.0	-7.166689316105149	2.0	-3.5515454998466147	1.0	-11.693051478773892	1.0	-9.885683692627659	2.0		0.0	-5.7371804722613495	2.0		0.0		0.0	-5.362687501709106	1.0	-5.193502746329376	2.0		0.0	-4.506452795677455	2.0
samp_41	-5.83083160030578	4.589553766846464	-0.12337407635256854		0.0	-12.36250248134277	1.0	-5.974193087964	2.0	-11.077743129800204	1.0	-10.214498466067537	2.0		0.0		0.0	-6.408091531570653	1.0	-7.248563399759555	1.0	-3.5190035972148155	2.0	-11.859945382869084	2.0	-10.025195970710062	1.0	-3.4541885384695385	1.0	-5.774414849201825	1.0	-9.207554958129387	2.0		0.0	-5.390241890462702	2.0	-5.212358189087799	1.0		0.0		0.0
samp_42	-5.924397333095299	4.7247895432396145	-0.19022145158172585		0.0	-12.381151680852149	1.0	-5.9926150076777	2.0	-11.125027798107345	2.0	-10.261173752506654	3.0	-5.4050366180217875	1.0		0.0	-6.429605056008701	2.0		0.0	-3.5086764760215337	2.0		0.0	-10.07198808189657	1.0	-3.447413660995407	2.0		0.0	-9.244113745681553	1.0	-3.654649406098823	2.0		0.0	-5.2189798826287	1.0		0.0		0.0
samp_43	-5.763351154883775	4.513358613771292	-0.09376737602164507	-10.372281393581977	2.0		0.0	-5.959432394976894	1.0	-11.047029461054818	1.0		0.0		0.0		0.0	-6.391780680734266	2.0	-7.231713147247041	2.0	-3.5230975987927895	2.0	-11.839791371258524	1.0	-9.993662306173407	1.0		0.0	-5.762157421256734	2.0	-9.18266346859002	2.0		0.0	-5.37975740583049	3.0		0.0		0.0	-4.501299440398178	1.0
samp_44	-5.866602972737263	4.589756416014724	-0.08394406495589382	-10.434709111635547	1.0		0.0	-5.993598123540787	1.0	-11.108960428310251	1.0	-10.245806736980656	1.0	-5.414116519814848	3.0	-11.212244715474421	1.0	-6.427981074489972	1.0		0.0	-3.5290686640735354	1.0	-11.886504406587525	1.0	-10.056062962728701	1.0	-3.4636373619825696	2.0	-5.793820917537087	1.0	-9.234634338615177	1.0		0.0	-5.408803653457324	3.0		0.0		0.0	-4.5202081727195464	1.0
samp_45	-5.957442122075578	4.158367820370248	0.16527478622369576	-10.227094437087525	2.0	-12.15435095374808	1.0	-5.929554078510768	1.0	-10.912371146797406	3.0		0.0	-5.377600822012027	3.0	-11.015354999411565	2.0		0.0		0.0		0.0		0.0		0.0	-3.5012523162042695	1.0	-5.742248181845948	2.0	-9.049421632397374	2.0		0.0		0.0	-5.2038606067064626	1.0		0.0	-4.5229832013121065	2.0
samp_46	-5.732325742538135	4.477369979861962	-0.03837669958021016	-10.398982803388899	3.0	-12.394961627603882	2.0	-5.9742125687589525	1.0		0.0		0.0		0.0		0.0	-6.407074623910783	2.0	-7.250485190029293	1.0	-3.5367269931349137	1.0		0.0		0.0	-3.468338791590449	4.0		0.0		0.0		0.0	-5.395183186129239	1.0	-5.2201706009101425	4.0	-5.133602011941843	1.0		0.0
samp_47	-5.892540983583709	4.620953012720168	-0.1338781177349325	-10.409214747632387	1.0	-12.349983443974839	2.0	-5.979666121061297	1.0	-11.085203027577945	1.0	-10.221717469347702	2.0	-5.3992420910572925	1.0	-11.188336911133236	1.0		0.0		0.0		0.0	-11.858123741095152	1.0	-10.033478408063148	1.0	-3.4535149561644403	1.0	-5.778848458019736	3.0		0.0	-3.6645122950456215	1.0	-5.394291652746127	2.0	-5.215556912847023	1.0	-5.130060699914213	1.0		0.0
samp_48	-5.963846635931434	4.252071511309347	0.016579308801960686		0.0	-12.096211469981398	1.0	-5.894286910142331	1.0	-10.857256050906937	1.0	-9.993330757583617	2.0		0.0	-10.960296124677074	1.0	-6.314780412817099	1.0	-7.123064983225169	4.0	-3.5363261758206272	1.0		0.0		0.0	-3.4631955705325543	1.0	-5.704569993382784	1.0	-8.998975159671879	1.0	-3.6838062962567037	1.0	-5.332421018593545	1.0	-5.164146374517196	1.0	-5.078789799668328	2.0		0.0
samp_49	-5.749795300730058	4.633110207234678	-0.10505980173182201	-10.484043700715887	3.0	-12.472036240186842	3.0	-6.006167554213244	3.0		0.0	-10.290996758463603	1.0		0.0		0.0		0.0		0.0	-3.526437559074143	1.0	-11.954025753811688	2.0		0.0	-3.462064709173289	2.0	-5.804821898824788	1.0		0.0		0.0		0.0	-5.2369838243000375	3.0		0.0	-4.52219914101146	1.0
samp_50	-5.961230410960673	4.830827671541808	-0.2065911922445893		0.0	-12.452948680482828	2.0		0.0	-11.205658604066215	2.0	-10.341660161956638	1.0		0.0	-11.308213075530247	2.0	-6.467612250356734	1.0		0.0	-3.5093086007229317	3.0	-11.972981450201253	1.0		0.0	-3.4501758690158897	1.0		0.0		0.0	-3.6550924575028865	1.0	-5.425782592714208	1.0	-5.240236944261926	1.0	-5.155208113643554	1.0	-4.516569807290164	3.0
samp_51	-5.875961300322916	4.556244009222151	-0.05254239838389876		0.0	-12.375260861813745	2.0	-5.995316386662292	1.0		0.0	-10.241857328294467	1.0		0.0		0.0	-6.428750244829422	1.0	-7.267936223367234	1.0	-3.5358056616644293	1.0	-11.880966314062933	2.0	-10.052485690564456	3.0	-3.4692462579986643	4.0		0.0		0.0		0.0		0.0		0.0	-5.148802567748159	2.0	-4.525884231483842	2.0
samp_52	-5.998156336183381	-12.903392930970172	16.965921218889132	-9.954701505570602	2.0	-11.873849824457618	1.0		0.0	-10.651043785860255	3.0	-9.791018685238244	1.0	-5.373015710361262	1.0	-10.754083544278517	2.0		0.0	-7.033990369139079	1.0		0.0		0.0		0.0		0.0	-5.7039256291386415	4.0	-8.824815846940362	3.0		0.0	-5.361178372917878	1.0		0.0	-5.139332048846858	1.0		0.0
samp_53	-5.987648892129771	4.006724017394032	0.27027413027104946		0.0	-12.093225574358584	1.0	-5.913708677823356	1.0	-10.860457336696726	1.0		0.0		0.0	-10.963358321660648	2.0	-6.330392219191684	1.0	-7.133531308436141	3.0		0.0	-11.611531504466235	1.0	-9.820777356219908	1.0	-3.522053964037796	1.0	-5.729852308203542	1.0	-9.001707326469239	1.0		0.0	-5.3615173694401905	2.0	-5.198540119570366	1.0	-5.112184221481094	1.0	-4.527639147308898	2.0
samp_54	-5.932176495736293	3.905910810182213	0.21944713414330047	-10.03461442102294	5.0	-11.96912051018767	1.0		0.0	-10.72584795541899	3.0		0.0		0.0	-10.82915220445866	3.0		0.0	-7.050602871141106	1.0		0.0		0.0		0.0	-3.4913196079658855	2.0	-5.659897185348363	1.0	-8.886799277705059	2.0		0.0	-5.295266296180988	1.0	-5.134545332761411	1.0		0.0		0.0
samp_55	-5.877925694771238	4.606728198373014	-0.16084615747468525	-10.370931964594766	1.0	-12.316565066334599	3.0	-5.9600718417149	1.0	-11.048032875735041	1.0	-10.184551118140595	1.0	-5.381503443116504	1.0	-11.151342714919082	1.0	-6.392804935273746	1.0	-7.228213655777148	1.0	-3.5100360571178912	1.0	-11.821819055803955	1.0		0.0		0.0	-5.759744796113037	1.0	-9.176461240129866	1.0	-3.656229721734278	2.0		0.0		0.0	-5.113471390608437	2.0	-4.492831240023146	1.0
samp_56	-5.841852698531246	4.680358509290554	-0.16753177048623002		0.0		0.0	-5.989245507296164	2.0		0.0	-10.257539037293549	4.0		0.0	-11.224301572929058	1.0	-6.426246990163908	1.0		0.0		0.0		0.0		0.0	-3.4500140443948077	1.0	-5.786278907172623	2.0	-9.246813004930083	2.0	-3.6589207770774603	2.0	-5.3993335871349695	2.0	-5.218699129037229	2.0		0.0	-4.505565940642918	1.0
samp_57	-5.861978647788457	4.305588303538864	0.04383635184098409	-10.278159070987906	1.0	-12.229249509408731	1.0		0.0	-10.957925073464619	1.0	-10.095060544130465	1.0	-5.37540243792533	2.0	-11.061394555637019	1.0		0.0	-7.182583014914214	2.0		0.0	-11.730596217976347	2.0	-9.911583343878863	1.0		0.0		0.0	-9.096132062734961	1.0	-3.6987621757530396	1.0	-5.368715858362883	4.0	-5.198681420801048	1.0		0.0	-4.508920641843733	1.0
samp_58	-5.960264926122008	4.408903419710169	-0.015290153555429491	-10.296976594421483	1.0	-12.222872176543873	1.0	-5.947450859552683	1.0	-10.979834490119984	1.0	-10.11541789395177	2.0		0.0	-11.082734425132738	2.0	-6.373572765608276	2.0	-7.194058887635202	1.0		0.0		0.0	-9.933387190413436	2.0		0.0	-5.753438228481558	1.0	-9.108825881826895	1.0	-3.6862880676291137	1.0		0.0	-5.203140112448327	1.0	-5.117324072085815	1.0	-4.507521736891418	2.0
samp_59	-5.9299896581905305	4.477175100774312	-0.010015840104053403		0.0		0.0		0.0	-11.058131115596096	2.0		0.0	-5.409861451440529	1.0	-11.161062574946243	1.0	-6.411031562414669	2.0		0.0	-3.5434357934417915	1.0	-11.82470618746115	1.0		0.0		0.0	-5.785142047080319	1.0	-9.182993550237335	2.0		0.0		0.0	-5.229138877642768	1.0	-5.142811139125893	4.0	-4.525739030383689	4.0
samp_60	-5.941001122967798	4.464182102230394	-0.028709575581787265		0.0	-12.274088853336865	1.0	-5.965334441504975	2.0	-11.024804209691395	1.0	-10.160767293699877	1.0		0.0	-11.127714412337367	3.0		0.0		0.0	-3.537305020871677	1.0	-11.788700653417322	1.0	-9.976249713000318	1.0	-3.4686687926625193	1.0	-5.769648272956282	1.0	-9.151294219702812	4.0		0.0	-5.389683319627152	1.0		0.0	-5.1294364939329995	1.0	-4.514835438265004	1.0
samp_61	-5.819517755758985	4.701425131444554	-0.17680393793582186	-10.464559452056745	1.0	-12.426982100017778	1.0	-5.994202603469794	2.0	-11.136932386084036	1.0	-10.273606785705297	3.0		0.0		0.0	-6.43250572677749	1.0	-7.282340412250863	1.0	-3.511410483089991	1.0		0.0		0.0		0.0		0.0	-9.263389124179735	1.0	-3.6577357205128354	1.0	-5.40247851701457	3.0	-5.221124834331905	2.0	-5.135683658406456	2.0		0.0
samp_62	-6.010884195304201	4.571376024246574	-0.15981063336819684		0.0	-12.2169913938164	1.0	-5.940919498900926	3.0		0.0		0.0	-5.366687367266908	3.0	-11.08914530999624	1.0		0.0	-7.191826519529925	3.0	-3.5074420211638513	2.0		0.0	-9.93917160139045	1.0		0.0		0.0		0.0	-3.6533569619391058	2.0	-5.361787330970372	2.0	-5.18514945522462	2.0		0.0		0.0
samp_63	-5.965640455845939	4.325025075080114	0.036483867056262255		0.0	-12.188174168895792	1.0		0.0	-10.947390787948343	1.0	-10.082991657747549	1.0		0.0	-11.050312236223538	1.0	-6.360961287046021	3.0	-7.176959995433698	2.0	-3.5481533417824975	1.0	-11.705061336616295	1.0	-9.90261600009594	2.0	-3.4758547165714613	1.0	-5.745543894664906	1.0		0.0		0.0		0.0	-5.199668230732018	1.0	-5.113720020894808	1.0	-4.509327215041484	3.0
samp_64	-5.934006388294271	4.758427782777144	-0.20703546829181022		0.0	-12.393211898232892	2.0	-5.99737370379114	1.0	-11.139525736659472	1.0	-10.275564493699884	3.0		0.0	-11.242345068039661	2.0	-6.435443680102553	1.0		0.0		0.0	-11.908446668418	1.0	-10.085989283075076	1.0	-3.4458789260146623	1.0	-5.791566195290864	1.0		0.0	-3.651966231632617	2.0		0.0	-5.220486031030513	2.0	-5.135641222294776	2.0		0.0
samp_65	-5.9255845907939975	4.779834907144232	-0.21515401639203452	-10.47981172094267	2.0	-12.410625099568646	2.0	-6.002267901849761	1.0	-11.154253858833618	1.0		0.0		0.0	-11.257102570321235	2.0	-6.441408240341399	1.0		0.0	-3.5054904705722265	3.0		0.0	-10.10012957171636	1.0	-3.44555399810066	1.0	-5.7956206407689965	1.0		0.0	-3.65102505431067	2.0	-5.4065269737912	1.0		0.0	-5.1381202699921555	1.0	-4.504950291959004	1.0
samp_66	-5.778951408083843	4.424448056524062	0.030790688581630334	-10.404730081542423	3.0		0.0	-5.985433007542507	1.0		0.0		0.0	-5.415522229020781	1.0	-11.182438037434155	2.0	-6.4167986267145185	1.0		0.0		0.0	-11.86928605752163	1.0		0.0	-3.483100811753463	1.0	-5.790921411546646	1.0	-9.212110174006224	1.0		0.0	-5.409079706844276	2.0	-5.235407965346405	3.0	-5.148432169401562	1.0	-4.533174738699503	2.0
samp_67	-5.951861259239568	4.698752978153269	-0.1501116162250947		0.0	-12.381824347895298	3.0		0.0	-11.133284876719042	2.0	-10.26909995538856	1.0		0.0	-11.236011966139468	1.0	-6.437990366037651	2.0		0.0	-3.516850467612814	1.0	-11.89956167681888	1.0	-10.080179869621656	1.0	-3.454526143077713	2.0		0.0		0.0	-3.663704084737502	1.0	-5.41104578570404	1.0	-5.229796916491684	2.0	-5.144385807145175	1.0	-4.514393527217093	1.0
samp_68	-5.79962415844032	4.74730469858961	-0.2050562879627799	-10.486825384149249	3.0	-12.455926452174413	2.0	-5.99945911800994	1.0	-11.15822636421458	1.0	-10.294702000585874	2.0		0.0	-11.262068452077097	1.0		0.0		0.0	-3.507094059290219	2.0	-11.94838119725726	2.0		0.0	-3.4463761557106376	1.0	-5.793960694170897	1.0		0.0	-3.652905203554711	2.0	-5.404433365900591	1.0		0.0		0.0	-4.504517940629668	1.0
samp_69	-5.813131309069425	4.663250625188684	-0.11735115894898486	-10.487702147735112	2.0		0.0	-6.009711756163955	2.0		0.0	-10.295889190139357	1.0		0.0	-11.262788485380172	1.0		0.0		0.0	-3.5242043630466386	1.0	-11.946905608918213	2.0	-10.10309223946783	3.0	-3.460645139907475	1.0	-5.807314314458005	2.0	-9.285224249503038	1.0		0.0		0.0	-5.238476573475425	1.0	-5.152288737034595	1.0	-4.52230730617661	2.0
samp_70	-5.939516620217908	4.42661781670636	-0.027544980032296894	-10.308056448508571	2.0	-12.238442344359507	2.0		0.0	-10.989566693902242	3.0		0.0	-5.382621806407433	2.0	-11.09254412590801	1.0	-6.3764700787486595	1.0	-7.19921489587258	1.0		0.0		0.0		0.0	-3.4661083975340112	1.0	-5.75499327391361	1.0		0.0	-3.6837535528811753	1.0	-5.3766278633349085	2.0	-5.203535309046815	1.0	-5.117716436165607	2.0		0.0
samp_71	-5.81569849833005	4.325156347034234	0.04024614285784806		0.0		0.0		0.0		0.0	-10.12051544599798	2.0		0.0	-11.087234008043726	1.0	-6.370819188816959	1.0	-7.197787720911673	1.0	-3.5503357081544933	1.0	-11.7645133916276	1.0		0.0	-3.47784166271275	2.0	-5.752751137650891	1.0	-9.122074492939445	4.0		0.0		0.0	-5.204861185397417	1.0	-5.1184646462310495	2.0	-4.512863170289394	3.0
samp_72	-5.980660130205282	0.9160192958521663	3.1786040202647152	-9.991904927124482	1.0		0.0	-5.878277877871589	1.0	-10.686035201167686	1.0		0.0	-5.384127335130379	3.0	-10.789106637272345	1.0	-6.27631071680679	1.0	-7.053017083689728	4.0		0.0		0.0		0.0		0.0	-5.716921563824654	4.0	-8.855074639024883	1.0		0.0	-5.372428832541571	1.0		0.0	-5.1488718102209905	1.0	-4.6552220182939115	1.0
samp_73	-5.813793200668781	4.526318582361961	-0.09789690548450891	-10.369227534864683	1.0	-12.334727462264862	1.0	-5.960898074547985	1.0		0.0		0.0	-5.386532249215883	1.0	-11.14852254880554	2.0	-6.392759698397399	1.0	-7.229700724221918	1.0	-3.522371910125616	1.0	-11.828515933823292	2.0		0.0	-3.455970222156971	1.0		0.0	-9.177968495343526	4.0	-3.669760827022386	1.0	-5.38098064233248	2.0		0.0	-5.11921171015534	1.0		0.0
samp_74	-5.854584335827502	4.34926237764779	0.0018842939678418702	-10.281652719038506	3.0	-12.23498715384978	3.0		0.0		0.0	-10.098230336758292	3.0		0.0	-11.064673991293104	1.0	-6.359419832496126	1.0	-7.182897391230675	1.0	-3.5397898621892363	1.0		0.0	-9.914415588912831	1.0	-3.468487265520086	1.0	-5.741306063279606	2.0		0.0		0.0	-5.364508313268772	2.0		0.0		0.0	-4.501769149440817	1.0
samp_75	-6.039914853740154	4.588059967243523	-0.05900933775134984		0.0	-12.321971686222223	1.0	-5.9993949577117	5.0	-11.096151082477629	3.0	-10.229572612466269	1.0	-5.421376661579084	1.0	-11.198558877884201	2.0	-6.431148334902783	1.0		0.0		0.0		0.0	-10.044177841139973	1.0		0.0	-5.799797574888664	2.0		0.0		0.0		0.0	-5.238226641821059	1.0	-5.152252531985086	1.0	-4.527760029189501	1.0
samp_76	-6.100383700245954	4.707494853894986	-0.16927823003020862		0.0		0.0	-5.989948738908577	2.0	-11.092562655173891	3.0		0.0	-5.405267812913184	1.0	-11.194867944069301	4.0	-6.423463003789964	1.0		0.0	-3.5118283820032783	1.0		0.0	-10.03932507727068	1.0	-3.4500456270837394	1.0	-5.786184783161765	2.0		0.0	-3.6581041575148032	1.0	-5.401057027733662	1.0		0.0	-5.135216978788225	1.0	-4.506909237842479	1.0
samp_77	-5.92089057092071	4.43805158961937	-0.08287891470840798		0.0	-12.203922537099753	3.0	-5.926335200633648	1.0		0.0	-10.086941042133708	2.0		0.0	-11.053799593426158	2.0		0.0	-7.173659010889867	1.0	-3.520329393237631	1.0	-11.714503360702828	1.0		0.0	-3.452177328337694	2.0	-5.731437231886978	2.0	-9.084834568971493	1.0	-3.6673026954315042	2.0	-5.3539294547685365	1.0		0.0		0.0	-4.486563771782415	1.0
samp_78	-5.892225998918321	4.604309289403901	-0.1504696046503568		0.0	-12.31702141258588	2.0		0.0		0.0	-10.189222154154983	1.0		0.0		0.0	-6.396568100022691	2.0	-7.231481498127492	1.0	-3.512460433941596	1.0		0.0		0.0	-3.4483990565109464	1.0	-5.76367509914257	1.0		0.0	-3.6588858126264134	3.0	-5.380469446334274	1.0	-5.20244260214539	4.0	-5.1172612448769135	1.0	-4.496249537012454	2.0
samp_79	-5.861776016824462	4.529504199623478	-0.09327347762044694	-10.365404591737509	2.0		0.0	-5.962845038481258	1.0	-11.042134669697017	1.0	-10.178894434172397	1.0		0.0	-11.145538517250511	2.0		0.0	-7.22799408049582	1.0	-3.523488190036067	3.0	-11.81812257180241	1.0		0.0	-3.4571058581956953	1.0	-5.765072218558257	2.0		0.0		0.0	-5.383140803315817	2.0		0.0	-5.121379131959503	1.0	-4.503690020117183	2.0
samp_80	-5.883585504837091	4.806654912579611	-0.23762386076414213	-10.494321357569975	1.0	-12.436284170450001	1.0	-6.003239164566086	1.0		0.0		0.0	-5.409057733512909	2.0		0.0	-6.443998195780238	2.0		0.0	-3.5019782790684406	3.0		0.0	-10.111932163867575	3.0		0.0	-5.795513249618892	1.0	-9.286596596616148	1.0	-3.6470830077146514	2.0	-5.405375028804508	1.0		0.0		0.0	-4.5019561075925685	2.0
samp_81	-5.800887436741461	4.292795509029256	0.11335972422304548	-10.350479647384264	3.0	-12.320214791179822	3.0	-5.969002025602473	2.0		0.0		0.0	-5.407403823611589	1.0		0.0	-6.396184489700963	1.0	-7.226944991896696	1.0		0.0		0.0	-9.97540772980876	1.0	-3.4973259409870443	1.0	-5.77826474226592	2.0	-9.16283323195763	1.0		0.0	-5.400349532573752	1.0		0.0	-5.143190016536131	2.0	-4.537076196126339	1.0
samp_82	-5.78056291683885	4.19724587330998	0.08107625845520437	-10.227491370722968	1.0		0.0	-5.90903339907708	1.0		0.0	-10.04440502340814	2.0	-5.354465211290224	2.0		0.0		0.0	-7.151964319879267	4.0	-3.554220045944336	1.0	-11.691143980888063	1.0	-9.861114823395692	1.0	-3.4787961224541837	1.0	-5.720744261911524	3.0	-9.053977072039102	1.0		0.0		0.0		0.0	-5.093732303186652	1.0	-4.498012966790772	1.0
samp_83	-5.900634113833743	4.543479024930904	-0.12775016464988218	-10.334774220472543	1.0	-12.27466306188397	1.0	-5.949412746518293	2.0		0.0	-10.15027856136209	1.0	-5.375431787761744	1.0	-11.117091720313415	2.0	-6.379638867213632	1.0	-7.209250367501184	2.0	-3.514802710582269	2.0	-11.783091054292049	1.0	-9.965227955994028	1.0	-3.449279790568644	1.0	-5.751208678538447	1.0		0.0	-3.661453048841329	1.0	-5.370179508923621	2.0		0.0		0.0		0.0
samp_84	-5.817816263233463	4.320586721549721	-0.020254356442863698	-10.239886178413114	3.0	-12.205280159095802	1.0		0.0	-10.919951968942362	1.0	-10.057228259590673	1.0	-5.349985284840177	1.0	-11.023822677045729	1.0		0.0	-7.15671001494029	2.0	-3.5311046463871194	1.0	-11.698218321887769	1.0		0.0	-3.459714199932994	1.0	-5.7189468075623875	2.0		0.0	-3.6786121103398455	1.0		0.0	-5.173334349746051	2.0	-5.087667192685748	2.0		0.0
samp_85	-5.7472163727784	4.585550750853926	-0.09858657438466704	-10.443437326037888	3.0	-12.43292038445859	2.0	-5.98910784977076	1.0		0.0		0.0	-5.408900044600721	1.0	-11.220164909515018	1.0	-6.425293741099382	1.0		0.0	-3.5258662119000235	1.0	-11.913924654779416	3.0		0.0		0.0	-5.789429494339434	2.0	-9.247846725573691	2.0		0.0		0.0		0.0	-5.139050041614817	2.0	-4.515110425529668	1.0
samp_86	-5.786510335951157	4.545268000993483	-0.07140632258391158	-10.421399746729957	2.0		0.0	-5.984262739776438	2.0		0.0		0.0	-5.407230023580499	2.0		0.0	-6.418396285503608	2.0	-7.262098226510354	1.0	-3.5307812334514295	1.0		0.0	-10.04031110491906	2.0	-3.4642555283075054	2.0	-5.78593523892509	1.0		0.0		0.0	-5.401602323176955	1.0	-5.224704897696263	3.0		0.0	-4.517082407393002	1.0
samp_87	-5.883880009749802	4.480768504701787	-0.09546186124277027	-10.308388663662033	1.0		0.0	-5.939708814461435	1.0	-10.9878807976361	3.0		0.0	-5.369707818573386	1.0		0.0		0.0	-7.195134278220588	2.0	-3.5198297778882353	1.0	-11.758524336113874	2.0	-9.940247169076095	1.0	-3.4526193087996737	1.0	-5.743489246910905	1.0		0.0	-3.6668616375542555	2.0		0.0	-5.189662680041651	1.0	-5.104271095408038	2.0	-4.491670413892025	1.0
samp_88	-5.711074783161157	4.469553824996625	-0.035775231575275464	-10.398592149983173	3.0		0.0	-5.973052477928839	1.0	-11.072217788548484	1.0	-10.207465374095943	1.0	-5.400378290974166	1.0		0.0		0.0	-7.250593980169854	1.0		0.0	-11.875883338283767	1.0		0.0	-3.468598665971266	3.0		0.0	-9.208631819829703	2.0	-3.685901525556365	1.0	-5.394256349769922	1.0	-5.219426668087901	2.0	-5.132805347078785	1.0	-4.5162844670276705	1.0
samp_89	-5.760332127842775	4.610263856545251	-0.12884759138417975	-10.43482125883604	3.0		0.0	-5.9831977349603065	1.0		0.0		0.0		0.0	-11.21179439530917	2.0	-6.419435169337293	1.0		0.0	-3.5191675217579084	2.0	-11.902980511712377	2.0		0.0	-3.4547690840247838	2.0	-5.782670587604457	2.0	-9.239272827324553	1.0	-3.666349869499311	1.0		0.0	-5.218028025300086	1.0		0.0	-4.507885743454593	2.0
samp_90	-5.8681519517433784	4.7618660065887575	-0.22667916362598978	-10.463647396382108	2.0	-12.410718870737325	1.0		0.0		0.0		0.0	-5.400708325472391	3.0	-11.24036592436294	2.0	-6.4301415451425195	2.0		0.0		0.0	-11.91546188246971	1.0	-10.082828755617921	2.0		0.0	-5.785217519691936	1.0	-9.259723131454013	1.0	-3.647671033449073	1.0	-5.396743126083547	2.0	-5.213822443986168	1.0	-5.129081540257697	1.0		0.0
samp_91	-5.876205754789518	4.573110357353051	-0.10581761865793014	-10.393259495153316	1.0	-12.338845743910591	1.0		0.0	-11.069350915429453	2.0	-10.206003912140334	1.0	-5.397206687638276	1.0		0.0	-6.407268696482317	3.0		0.0	-3.5224248208422035	1.0	-11.844095307056062	1.0	-10.01805421815704	1.0	-3.4570696949213775	1.0	-5.7753452937184315	2.0	-9.196797634492096	1.0		0.0	-5.391937338896011	1.0	-5.214565843581776	2.0	-5.128854391691708	1.0		0.0
samp_92	-5.8277478201037045	4.908282151548287	-0.2609557124845734		0.0	-12.544408560391181	2.0		0.0		0.0	-10.391912868203327	2.0		0.0		0.0	-6.481924143860158	1.0		0.0	-3.5016908213778475	2.0	-12.0433313192917	2.0	-10.19588789925881	2.0		0.0		0.0	-9.374388315723051	1.0	-3.6464881711305206	2.0	-5.427252144338757	2.0	-5.2390248672720245	1.0	-5.154247280847473	1.0	-4.511489584584654	2.0
samp_93	-5.757348686468515	4.517304378585941	-0.09261671861841046	-10.378793975767625	1.0		0.0		0.0		0.0	-10.18940373822408	3.0	-5.3875841576417445	3.0	-11.15759911175106	1.0		0.0	-7.235699038426837	1.0	-3.5236947920779564	2.0	-11.847358998615599	4.0		0.0		0.0	-5.764611018558667	1.0		0.0		0.0	-5.3819059730885925	1.0	-5.206042083590746	1.0		0.0	-4.502723356419132	2.0
samp_94	-5.9320416760555235	4.294332778295801	0.04175021190813356	-10.24631560560331	1.0	-12.179294791968422	3.0	-5.927299270279766	2.0	-10.92983861878999	2.0	-10.066233578028331	1.0	-5.368405376676665	1.0	-11.032899809592774	1.0	-6.3505018219372005	1.0	-7.166327283877174	2.0		0.0		0.0		0.0		0.0		0.0	-9.066124309091043	2.0	-3.6965786489976566	1.0		0.0	-5.1921811497159815	1.0	-5.10625409780355	1.0	-4.504304054322163	1.0
samp_95	-5.872243113051903	4.628079072229164	-0.12703823113824408	-10.428362539428717	1.0	-12.374562232161798	2.0	-5.987107639884556	1.0	-11.103064451429347	1.0		0.0		0.0		0.0	-6.422034677543894	1.0		0.0		0.0	-11.879592113535194	1.0	-10.050372612166298	1.0	-3.455735644905321	2.0	-5.78601294967407	3.0		0.0	-3.6669605733602215	2.0	-5.400629268493524	1.0	-5.221533816739957	1.0	-5.135845835305992	1.0	-4.51064314434263	2.0
samp_96	-5.862253058987319	4.09072127169974	0.15020990738295545		0.0	-12.121277378461501	2.0	-5.893590457081695	1.0		0.0	-9.990899193275398	1.0	-5.345219075329744	2.0		0.0		0.0	-7.122591487477128	3.0		0.0		0.0		0.0		0.0	-5.707830606335535	4.0	-9.001843296946722	4.0	-3.7166996189070507	1.0		0.0		0.0		0.0	-4.498369932957398	2.0
samp_97	-5.715091759567631	4.6380286983824615	-0.2145000924509493	-10.386931677669164	1.0	-12.390885661584756	1.0	-5.951921089503958	1.0		0.0		0.0	-5.370393396391632	2.0		0.0	-6.387766202336189	1.0	-7.235245176669028	2.0	-3.4995834010784597	1.0	-11.863807569377366	1.0		0.0		0.0		0.0	-9.196835402273104	1.0	-3.6447863854650215	6.0		0.0	-5.18668152635682	2.0		0.0	-4.4806176062430865	1.0
samp_98	-5.971577448879423	4.24840905566241	0.05705873510347125		0.0		0.0	-5.913429508177273	1.0		0.0	-10.027183328049393	3.0	-5.357702056487008	1.0	-10.994413389349177	2.0		0.0	-7.144779796038134	3.0		0.0	-11.646044610037986	1.0	-9.849637836586831	3.0		0.0	-5.723832975444471	1.0		0.0	-3.697585915075167	1.0	-5.350947229933596	1.0	-5.18260262715956	1.0	-5.096851776035129	2.0		0.0
samp_99	-5.740092823051197	4.4811329959010475	-0.06950112795588256	-10.36978539133732	1.0		0.0	-5.959044425115904	2.0	-11.04442191184423	1.0		0.0		0.0		0.0	-6.3909999507862985	1.0	-7.231356372873068	2.0	-3.528081128463047	1.0	-11.841435453890478	1.0		0.0	-3.460321755312138	1.0	-5.762775329138821	2.0	-9.181357909230792	3.0	-3.675957559122589	1.0		0.0	-5.205906549867736	1.0	-5.119755240780891	2.0	-4.5044025288298535	1.0
