run	log_tbg	log_alphap	log_betap	b13H4_log_P	b13H4_weight	b13H5_log_P	b13H5_weight	b13H6_log_P	b13H6_weight	b13H7_log_P	b13H7_weight	b13H8_log_P	b13H8_weight	b13H9_log_P	b13H9_weight	b13I1_log_P	b13I1_weight	b13I3_log_P	b13I3_weight	b13I4_log_P	b13I4_weight	b13I5_log_P	b13I5_weight	b13I7_log_P	b13I7_weight	b13I8_log_P	b13I8_weight	b13I9_log_P	b13I9_weight	b14A1_log_P	b14A1_weight	b14A2_log_P	b14A2_weight	b14A4_log_P	b14A4_weight	b14A5_log_P	b14A5_weight	b14A6_log_P	b14A6_weight	b14A7_log_P	b14A7_weight	b3G7_log_P	b3G7_weight
fit	-6.175458592331807	3.0830687263043117	-0.17871358914451815	-9.07752302060739	1.0	-6.968795352192211	1.0	-7.576759299132307	1.0	-10.160854814320242	1.0	-7.42741238944213	1.0	-7.882707826887458	1.0	-10.511697285452295	1.0	-5.987517942354867	1.0	-2.9642858597437542	1.0	-5.305304418705429	1.0	-4.362800409349591	1.0	-11.331993342311613	1.0	-13.422224526494688	1.0	0.6371556366959369	1.0	-4.688245924856244	1.0	-5.256989389184999	1.0	-4.405117503363137	1.0	-7.424131289822804	1.0	-9.13843074066258	1.0	-4.635660160417077	1.0
samp_00	-6.225719150455413	3.1427237714221334	-0.2288573981743285		0.0		0.0		0.0	-10.155876454344613	1.0	-7.428034648003258	1.0		0.0	-10.495746226279637	1.0	-5.989548660130238	3.0	-2.952127273245105	1.0	-5.306325884852947	1.0	-4.360829980569599	2.0	-11.294517131493437	1.0	-13.201300344332171	1.0	0.6453971998478208	1.0	-4.687148503809334	5.0		0.0		0.0		0.0	-9.131538066442157	2.0		0.0
samp_01	-6.406117735351607	3.1114809503857654	-0.14330223891927105	-9.051958984771625	1.0	-6.990385727537791	2.0		0.0	-10.156033422121565	2.0	-7.444582532713015	2.0		0.0	-10.461648764693354	1.0	-6.014285985519222	3.0		0.0		0.0	-4.39009311604433	1.0	-11.19932072999526	1.0	-12.740430238742709	2.0	0.6300252400523834	1.0	-4.716013393976431	2.0	-5.285105159765476	2.0		0.0		0.0		0.0		0.0
samp_02	-6.492329614005507	2.776636232609681	-0.07549591183935403	-8.813498177834909	3.0	-6.843924103200593	2.0	-7.412489723278304	1.0	-9.924267329832999	3.0		0.0		0.0	-10.154819833390993	2.0	-5.881761673917168	1.0		0.0		0.0		0.0	-10.799597144389192	1.0	-12.328746894088132	3.0	0.6162781300761357	1.0		0.0		0.0		0.0		0.0	-8.895652771739615	2.0	-4.553154154338405	1.0
samp_03	-6.2295419066139575	3.1382122037191973	-0.16317823859884528		0.0	-7.004452868547511	1.0		0.0	-10.204394544170237	1.0	-7.4638396657584165	1.0		0.0	-10.554419298213487	1.0	-6.02170804656215	1.0	-2.9795154332220113	1.0	-5.337967930249995	2.0		0.0	-11.362030851186935	1.0	-13.239092714440654	1.0	0.6332462200669036	3.0	-4.718572957901477	1.0	-5.289589079860952	4.0	-4.434285440991834	1.0	-7.46051472441782	1.0		0.0		0.0
samp_04	-6.3724123795360095	-10.004961102102824	12.70963162142286	-8.852599126606817	1.0	-6.858572712377036	1.0	-7.435323945186643	3.0	-9.955927884596944	2.0	-7.303747970784359	2.0	-7.742117019870988	1.0	-10.218123108691769	1.0		0.0		0.0	-5.25327011078072	1.0	-4.381221657099752	2.0	-10.910924441668422	1.0	-12.570881374074279	1.0		0.0		0.0		0.0	-4.417181233768585	1.0	-7.300028364176376	1.0	-8.929501061148619	1.0	-4.621616590953275	1.0
samp_05	-6.480677148581986	2.8513009352682137	-0.08087330903866681	-8.869749595048225	1.0	-6.8811770711383256	1.0	-7.454180207569519	2.0		0.0	-7.328181992146224	1.0	-7.766715142425736	1.0		0.0		0.0		0.0	-5.243330094565024	1.0	-4.3164108298078006	1.0		0.0	-12.4140518732985	1.0	0.6176387459684628	2.0	-4.636676442909303	4.0	-5.195495623210438	2.0		0.0	-7.32413174710962	1.0	-8.94999580097618	1.0	-4.583194177748491	1.0
samp_06	-6.113286610047086	3.519539509236661	-0.506179794156306		0.0	-7.029160802190993	1.0	-7.654126799537109	1.0	-10.264426812014527	2.0	-7.49507424566394	1.0		0.0	-10.650195675281344	2.0	-6.032814601599036	1.0	-2.894182541423422	2.0	-5.335494151047821	2.0	-4.363612719233682	1.0	-11.52007396334732	2.0	-13.91005995829	1.0		0.0		0.0		0.0	-4.408504564862357	3.0		0.0		0.0	-4.649544698664791	1.0
samp_07	-5.861392451289619	3.1836819107621928	-0.25514578577221203	-9.210651735446994	1.0		0.0	-7.652376327356884	1.0	-10.265483061172258	2.0		0.0		0.0	-10.706921852331797	1.0	-6.007905415809771	1.0	-2.948455721749919	2.0	-5.318376149157324	1.0	-4.366490735263802	1.0	-11.743888721685659	3.0		0.0	0.6490371254936412	1.0	-4.694789184414279	2.0		0.0	-4.409400299499704	1.0		0.0	-9.250573238763028	1.0	-4.642553422240042	2.0
samp_08	-6.946531276751942	2.912836531953438	-0.14463249969671813		0.0	-6.863218606249331	2.0	-7.410277887888727	2.0	-9.871076680300853	2.0	-7.302201483541223	2.0	-7.72798487007588	3.0		0.0		0.0	-2.9469040877257804	1.0	-5.235769174732805	1.0		0.0		0.0	-11.873763562807197	1.0	0.6326364403295172	1.0	-4.628646383614577	1.0	-5.188295019563233	1.0	-4.349670731911795	1.0		0.0	-8.84387585002324	2.0		0.0
samp_09	-5.850732970446857	3.7956161759914324	-0.6604302881023308		0.0	-7.118507546824533	1.0		0.0		0.0		0.0	-8.085332835626124	2.0	-10.91114992082379	4.0		0.0	-2.8721147972524363	2.0	-5.381071355727866	2.0	-4.382182660691395	2.0	-11.987461406828501	1.0		0.0		0.0		0.0	-5.33218488676104	3.0	-4.4290799118018	1.0	-7.598596940548847	1.0	-9.431546693628523	1.0		0.0
samp_10	-6.792886595031754	2.7459097523815674	-0.06343614007555806		0.0	-6.82381628793273	1.0	-7.374812716172575	3.0	-9.840910762956243	3.0		0.0	-7.690682179501058	1.0	-9.991939159878067	2.0	-5.868322705703886	1.0	-2.948440707002236	1.0		0.0		0.0		0.0		0.0		0.0	-4.597954258258572	1.0	-5.152518309894577	2.0	-4.320801200861878	1.0	-7.258881882561462	2.0	-8.815860695535456	2.0		0.0
samp_11	-6.11781270557578	3.2386360017453915	-0.2808641139784811	-9.144145704947398	1.0		0.0		0.0	-10.21840049066112	1.0		0.0		0.0	-10.593428364916997	1.0	-6.012992070766256	2.0	-2.9449209854093112	2.0		0.0		0.0	-11.452148815102094	2.0	-13.833466541008777	2.0	0.6521368147155744	1.0	-4.701113642515654	1.0	-5.276916195902763	2.0	-4.415659321049816	2.0	-7.460595657391123	2.0	-9.199350307549457	1.0		0.0
samp_12	-6.670877753698074	3.3952831834644654	-0.4644799395608897		0.0		0.0	-7.52275749225261	1.0		0.0	-7.402042560080416	2.0	-7.840619623480222	3.0		0.0	-5.980745129121126	2.0	-2.893263523462829	3.0		0.0	-4.337038303170076	1.0		0.0	-12.301217927673322	2.0		0.0	-4.66631012226493	2.0	-5.246816355782621	1.0		0.0		0.0		0.0	-4.618063670284196	3.0
samp_13	-6.725352843812019	3.2500367349339103	-0.41228814752565157	-8.851537922792744	2.0	-6.9036248634167015	1.0		0.0	-9.975767646920284	2.0	-7.348434382026815	1.0	-7.782260859073294	1.0		0.0	-5.936710602930039	2.0	-2.8928414917123644	2.0	-5.255793729686868	2.0		0.0		0.0	-12.1488963089207	3.0		0.0		0.0		0.0		0.0		0.0	-8.939388648304414	3.0	-4.585632343041023	1.0
samp_14	-6.546372669383505	2.7555223493576357	-0.005796961264244084	-8.835380500911162	1.0		0.0	-7.435591089943075	2.0	-9.949132531444086	1.0		0.0		0.0	-10.175838393453338	1.0	-5.906261210310409	1.0		0.0	-5.235839101611624	1.0	-4.313690457436422	3.0		0.0	-12.288692791000168	1.0	0.5975940329841875	1.0	-4.632462156966373	3.0	-5.188040488579289	1.0	-4.354451896065822	1.0	-7.308909903262277	1.0	-8.918521724158875	1.0	-4.5783730506577385	1.0
samp_15	-5.84835067939047	3.211620375230643	-0.19110426659871999	-9.29879786600597	2.0	-7.0595148588982095	1.0		0.0		0.0		0.0	-8.009616450294155	2.0		0.0	-6.05704317781532	1.0	-2.9793944628623525	1.0		0.0	-4.409257678987896	2.0		0.0		0.0	0.6370640050627865	2.0	-4.739216175282413	1.0	-5.315940192313992	3.0	-4.4523463564504615	2.0	-7.531433851074413	1.0	-9.333236731505664	1.0	-4.686481279575347	1.0
samp_16	-5.912328834672669	3.0158698334132805	-0.14438579296427653		0.0		0.0	-7.604019826551851	1.0		0.0		0.0	-7.899403934089693	1.0	-10.62234038541851	2.0	-5.98002921553634	1.0	-2.9687047512686098	1.0	-5.296307641777347	1.0		0.0	-11.604297089128295	2.0	-27.12148048953911	1.0	0.6307318880219839	3.0	-4.680200773974334	2.0	-5.24764166558155	1.0	-4.3973034031885945	1.0	-7.4319884406300245	1.0	-9.187949541940716	2.0		0.0
samp_17	-6.5657424200755194	3.0611404741455446	-0.24120373058664601		0.0		0.0	-7.472347345762175	1.0	-9.999350735541787	2.0	-7.3492826343591044	1.0	-7.787008606027094	1.0		0.0		0.0	-2.9326963688843133	1.0		0.0	-4.321131500313946	1.0	-10.88454230507233	1.0	-12.327776365314607	4.0		0.0	-4.644529434172866	2.0		0.0	-4.363285448097875	1.0	-7.345094614385995	1.0	-8.96540644677082	3.0	-4.592823014316229	1.0
samp_18	-6.027074262865234	3.2614489135209284	-0.2602359741124438		0.0		0.0		0.0		0.0	-7.499507861743399	1.0	-7.966395719198518	3.0	-10.683249352812801	4.0		0.0	-2.9567164200073597	1.0	-5.348145457619562	1.0		0.0	-11.601494176801518	1.0	-15.194477857213048	1.0	0.647843132036007	1.0	-4.721861108393597	2.0	-5.299470853597534	2.0		0.0	-7.496789309587083	3.0		0.0		0.0
samp_19	-6.1773660453840336	3.0531707092807934	-0.12685693059758557	-9.095892746720953	1.0		0.0		0.0		0.0	-7.440449501706381	2.0	-7.896593241306078	1.0	-10.532341356346313	1.0		0.0		0.0	-5.318069034825028	3.0	-4.376835176536148	2.0	-11.355612655764661	1.0	-13.430497400146121	2.0	0.6270241275651008	1.0	-4.702021903729587	2.0		0.0	-4.418984233557973	1.0	-7.437204548881257	2.0	-9.156021754310562	1.0		0.0
samp_20	-6.386224910730625	-14.889700777188123	17.572089801057235		0.0		0.0	-7.420418743276582	3.0		0.0		0.0		0.0	-10.189634820971856	1.0	-5.893587215865687	3.0		0.0	-5.241701753098901	1.0		0.0		0.0	-12.518798252318264	1.0		0.0	-4.67106984292482	2.0	-5.193573368060068	2.0	-4.405740787744365	1.0	-7.286534052155168	1.0	-8.909293065390136	3.0	-4.610167261109491	2.0
samp_21	-6.273197671584318	3.0657556665418157	-0.1111311825640042	-9.086544141094732	1.0	-6.991046520450501	1.0		0.0		0.0	-7.448312687060367	1.0	-7.901694312664346	2.0	-10.512694312553215	1.0		0.0		0.0		0.0	-4.38901096574863	1.0	-11.298320317058396	1.0	-13.06738345731489	3.0	0.6238838616213184	2.0		0.0	-5.282199580834084	3.0	-4.431223897557459	2.0	-7.444864074673608	1.0	-9.151254454561789	1.0		0.0
samp_22	-6.731868290904051	3.0704064851304063	-0.11763810843905091		0.0		0.0		0.0	-10.06592033269243	2.0		0.0		0.0	-10.287491461110426	1.0	-6.000832379402206	2.0		0.0		0.0	-4.385201493001554	3.0		0.0		0.0	0.6253815698517052	4.0	-4.709688286605569	1.0	-5.275958299185567	1.0	-4.42738976196761	1.0	-7.408894265929464	3.0	-9.023125242649908	1.0	-4.657280516263928	1.0
samp_23	-6.847753657193262	2.878018417467913	-0.0773960905520207	-8.794952822008604	2.0	-6.883541490892111	2.0	-7.436365868602144	1.0	-9.918559714698425	2.0		0.0	-7.753243131156755	1.0		0.0		0.0	-2.9706114931388483	1.0	-5.254328491136288	2.0		0.0		0.0	-11.991584943310468	1.0		0.0	-4.647972684445607	3.0	-5.206723968726739	1.0	-4.368956514653241	2.0		0.0		0.0	-4.594851233098595	2.0
samp_24	-6.39580927742311	2.67977391300527	-0.08672603391223235	-8.758639165173749	1.0	-6.790372320727717	1.0	-7.359684444374482	4.0	-9.864964871705215	1.0		0.0	-7.670674762287191	1.0		0.0	-5.829469482109865	1.0	-2.92235693022613	2.0	-5.16035315294884	1.0	-4.242053241685251	1.0	-10.752799711447198	1.0	-12.41637592501266	2.0	0.6194854707027075	1.0		0.0	-5.112645101612436	1.0	-4.282549067665589	1.0		0.0	-8.83950914384675	1.0		0.0
samp_25	-7.446992043368065	3.0716131594918155	-0.19830536116192124		0.0	-6.904930391838212	1.0	-7.437115027265351	1.0	-9.83856855410737	1.0	-7.339529065881022	1.0		0.0		0.0	-5.951745757113623	1.0	-2.9518917434874052	2.0		0.0	-4.343736166420809	2.0		0.0		0.0	0.6414449116706258	1.0	-4.666740061037354	2.0	-5.231457384598521	2.0	-4.385893803167632	2.0	-7.334463167162393	2.0		0.0	-4.61533778048492	2.0
samp_26	-5.561044724481811	3.2708566008375053	-0.20684241577051388	-9.441893700115994	1.0		0.0		0.0		0.0	-7.602365708681027	1.0	-8.094258179299707	2.0	-11.045860781861558	1.0	-6.093157062527248	2.0	-2.9818993654951473	1.0	-5.392580595447237	1.0	-4.427462457234006	2.0	-12.609977960442166	2.0		0.0	0.638481141713414	2.0	-4.760464711855238	1.0	-5.342719773623102	1.0	-4.470982992516598	1.0		0.0		0.0	-4.707249617053324	2.0
samp_27	-6.394101909706636	2.3493242277127697	0.47663025785745977	-8.940645183455798	1.0	-6.918587510825306	1.0		0.0	-10.045114458126685	1.0		0.0		0.0	-10.325901266318397	1.0		0.0		0.0	-5.288970897837602	2.0	-4.380686159840625	1.0	-11.03842595407886	1.0	-12.633144036279687	3.0		0.0	-4.695114133824324	3.0		0.0	-4.419969036214921	1.0	-7.363901266478611	2.0	-9.015599601677938	2.0	-4.638109431208881	1.0
samp_28	-6.441277230402823	2.920647360744811	-0.12437976292191706	-8.901477406202108	2.0		0.0	-7.4736114443676795	1.0	-10.010215222161468	3.0		0.0	-7.785689296832505	1.0	-10.273112815720923	1.0		0.0	-2.9584391605622615	1.0	-5.254020024310533	1.0	-4.323344599009014	1.0	-10.961121112680067	1.0	-12.509763868784537	1.0	0.6276895544181769	3.0	-4.64482739002713	1.0	-5.206135369782627	1.0		0.0	-7.340936054236193	1.0		0.0	-4.5917477382289205	1.0
samp_29	-6.067906140123945	3.363282503282499	-0.42142212955789393	-9.147703273405465	3.0	-6.9939599533701236	3.0	-7.6172225920981536	1.0	-10.218408717752451	1.0		0.0		0.0	-10.603704932855589	2.0	-6.002158988566273	2.0	-2.9065048842945833	2.0		0.0		0.0	-11.48782700034447	1.0	-14.337146435192652	1.0		0.0		0.0		0.0	-4.393852637214594	2.0		0.0		0.0	-4.630794982505443	2.0
samp_30	-6.237743443448396	3.2864541511395253	-0.3419856610809802	-9.089669323587177	1.0		0.0	-7.590132574965089	1.0	-10.177468241656582	1.0	-7.443841053108428	2.0		0.0	-10.519949072548796	2.0	-6.00103485041007	1.0	-2.926595591410276	1.0	-5.313681279647162	1.0	-4.3593991324079715	4.0		0.0		0.0		0.0		0.0	-5.265492527969663	2.0		0.0	-7.440409754599224	2.0	-9.152812764845866	1.0	-4.637828759644484	1.0
samp_31	-6.136772331452039	2.5865365695179863	0.07294478610394596	-8.887197236421422	2.0		0.0	-7.431896663094168	2.0		0.0		0.0		0.0	-10.295060717082196	1.0	-5.87057192179886	2.0	-2.9757781497321303	1.0		0.0		0.0	-11.087027427515116	2.0	-13.476590009807829	3.0		0.0	-4.600032465783379	2.0		0.0	-4.32316987176612	2.0	-7.287106053681094	1.0	-8.954760890988982	2.0		0.0
samp_32	-6.557953200628741	2.9646593557006082	-0.09477882830514814	-8.924127086312552	1.0		0.0	-7.503747438886294	1.0	-10.040814754280746	1.0	-7.378430362116633	2.0	-7.8178075611053215	2.0	-10.28917172366642	1.0	-5.963701431022964	1.0		0.0	-5.288344841940374	2.0	-4.355312995544732	1.0		0.0	-12.387065123812985	1.0	0.6208405927765879	2.0	-4.67779322576383	1.0	-5.240452504549827	1.0		0.0	-7.374322643162549	1.0		0.0	-4.624762396752718	2.0
samp_33	-6.195242231476542	3.05537120108914	-0.10494504197577748	-9.110452876984109	2.0	-6.993691841193938	1.0	-7.603448050342739	1.0	-10.19296532520289	1.0	-7.453054746810619	2.0	-7.909526349658104	4.0	-10.54713107435864	2.0	-6.011912752526612	2.0		0.0		0.0		0.0		0.0		0.0	0.6226314772331291	2.0		0.0	-5.281680197146736	1.0		0.0		0.0		0.0	-4.6607526197057005	2.0
samp_34	-6.749485875076497	3.054967898505829	-0.1857711207963967	-8.869094586719656	1.0	-6.921716736194873	1.0		0.0	-9.995022669231309	1.0	-7.365939955048577	1.0	-7.799526315157422	2.0		0.0	-5.95790074629604	1.0	-2.955278678102973	1.0	-5.2819091666710625	2.0		0.0		0.0	-12.154862260444467	1.0	0.6391874710142964	1.0	-4.668791562963761	4.0		0.0	-4.387413783541037	1.0	-7.361526768214417	1.0	-8.957094696184857	1.0	-4.616823838056332	1.0
samp_35	-6.473373739811846	2.8645160607930666	-0.06075245960177254		0.0	-6.899442108687866	1.0	-7.474791942359026	2.0	-10.00852620792432	1.0	-7.347339486846842	1.0	-7.787200417222358	2.0	-10.264767030981142	2.0	-5.933310044401579	1.0		0.0	-5.2598570998847185	1.0	-4.3319035449841845	1.0		0.0	-12.458206226488516	1.0	0.6128317118691567	1.0	-4.652614562925384	1.0		0.0	-4.373134646609445	1.0	-7.343332663864582	1.0	-8.977037537633766	2.0	-4.599026815455176	1.0
samp_36	-6.025215637405676	3.0234453599923503	-0.11420429209613825		0.0	-6.982371583560592	2.0	-7.607218532135049	2.0	-10.203853258064061	1.0	-7.445432988322701	1.0		0.0	-10.595026346592912	2.0	-5.996104276981155	1.0		0.0	-5.313316023872774	1.0		0.0	-11.500104774934806	1.0		0.0	0.624515361251238	2.0	-4.697501593292878	1.0		0.0		0.0	-7.4426079233202795	2.0	-9.186492856605547	3.0	-4.64402869321307	1.0
samp_37	-5.953313560455208	2.8665981343262987	-0.12698081624558802	-9.013771458801669	2.0	-6.892493573648256	1.0	-7.5097275826919825	4.0		0.0	-7.351731025100095	2.0	-7.808512212965235	2.0		0.0		0.0	-2.947474782587989	1.0	-5.2340606349016685	1.0		0.0	-11.398986445314714	1.0	-25.935789864206154	1.0		0.0	-4.624341533295165	2.0		0.0	-4.344177924565052	2.0	-7.348846787548592	1.0		0.0		0.0
samp_38	-5.881435490789889	3.1356358090057954	-0.12061114027833257		0.0		0.0	-7.709123991392148	1.0		0.0	-7.526316735149552	2.0	-8.000461849773652	2.0	-10.777785658882642	1.0	-6.0548852515343	2.0		0.0		0.0	-4.414903132990784	1.0	-11.8086939384684	2.0	-27.05425585094621	1.0	0.625275962069532	2.0		0.0	-5.31652873858051	1.0	-4.457555577777725	1.0	-7.524207082023225	1.0	-9.318795330547763	2.0	-4.689897413008278	1.0
samp_39	-6.090707379608962	3.1453472090564842	-0.20746246871970467	-9.136594594099797	2.0	-6.99274052196368	1.0		0.0	-10.20934639022066	1.0		0.0	-7.915747822133185	2.0	-10.588045320484165	2.0	-6.006024289129553	1.0	-2.962002528720812	1.0	-5.320763002026249	3.0		0.0	-11.458379428695839	2.0	-14.063096816541925	2.0	0.6412583834143788	1.0		0.0	-5.272283295306895	1.0	-4.416084276740837	1.0		0.0		0.0		0.0
samp_40	-6.2492383714919875	3.3664447448388874	-0.450232059484224		0.0	-6.967485895893126	2.0	-7.569285888824691	2.0	-10.151803447336608	1.0	-7.425491115805007	1.0	-7.878915689503163	2.0		0.0		0.0	-2.8956316220132323	2.0	-5.294035258820283	1.0	-4.33580815656569	1.0	-11.27510651866987	1.0	-13.114641455771743	1.0		0.0		0.0	-5.246011923328393	3.0	-4.379679253740844	1.0	-7.421959195281141	2.0		0.0		0.0
samp_41	-5.397557705904545	3.3899796032810783	-0.2935758315788517	-9.52940935991311	1.0	-7.1552128088740075	2.0		0.0		0.0	-7.650407293378115	1.0		0.0		0.0	-6.117541016766588	3.0	-2.96175619080753	1.0		0.0	-4.430876996331639	1.0	-13.767633421958259	2.0		0.0	0.6491968854763631	1.0	-4.767574606909077	1.0	-5.357786230659176	5.0	-4.475200906975936	1.0	-7.650988134032913	1.0		0.0		0.0
samp_42	-6.738611064541612	3.0486999576516958	-0.1556143404132986		0.0		0.0	-7.4976745117172285	1.0	-10.016539263928015	2.0		0.0		0.0	-10.223901377316162	1.0	-5.970518538954751	3.0	-2.9674139336392087	1.0	-5.294448959594905	1.0	-4.35779648772595	1.0		0.0	-12.189842753211616	2.0	0.6331636526825964	1.0		0.0	-5.2467040965262886	1.0	-4.399879866355111	4.0	-7.375429484486395	2.0		0.0		0.0
samp_43	-6.9508858637978035	3.059251052970269	-0.29199411612334025		0.0	-6.861221218155129	1.0	-7.408096023560595	3.0	-9.869279497452931	3.0	-7.300572795477282	1.0	-7.72649920931721	1.0		0.0	-5.902905901119101	1.0	-2.910180956097828	3.0		0.0	-4.294105583209974	2.0		0.0	-11.86918955857749	2.0		0.0		0.0	-5.181234531006161	1.0	-4.336218783451283	1.0		0.0		0.0	-4.565362537208085	1.0
samp_44	-6.453790887075673	2.951000243478221	-0.12938534589205566		0.0		0.0	-7.487096916685047	1.0	-10.027212260437592	1.0	-7.358233141701785	1.0		0.0	-10.291984339734661	2.0		0.0	-2.9619877480534	1.0	-5.265480847020217	3.0	-4.333095075089312	2.0		0.0	-12.510172736745588	1.0	0.6285299287572118	1.0	-4.6551830610097324	1.0	-5.217580105696261	2.0		0.0		0.0	-8.99559283983362	3.0	-4.602233925745635	1.0
samp_45	-6.860172202948839	-12.22336542285888	14.918536871912632	-8.72068222253979	2.0	-6.83603013705029	1.0	-7.384187940893254	2.0	-9.835896677647986	3.0	-7.272382667320335	2.0	-7.696929660422388	2.0	-9.973198778140745	1.0		0.0		0.0	-5.244214417871877	1.0	-4.374541706213054	1.0		0.0	-11.874363644408778	1.0		0.0	-4.675117615364134	1.0		0.0		0.0	-7.267959154090022	2.0		0.0	-4.614614614538523	1.0
samp_46	-6.7819176762743085	3.151607409607394	-0.3171693853731393	-8.83472546714474	1.0		0.0	-7.45869552678965	1.0	-9.960006164522843	1.0	-7.344371500583628	1.0	-7.77629887579807	1.0		0.0	-5.93700827221472	2.0	-2.9155917472913235	2.0	-5.259089504617925	2.0	-4.318079949033236	2.0		0.0		0.0		0.0	-4.6425403250551405	2.0		0.0	-4.360681564548454	2.0	-7.339858879107144	2.0	-8.924218048871408	1.0		0.0
samp_47	-6.519696405471187	-10.945088197765193	13.640867295881705	-8.804060332753286	2.0	-6.847653706097193	2.0	-7.413992802963263	2.0	-9.914218433733751	1.0	-7.289688132764298	2.0		0.0	-10.136905856149825	2.0	-5.898185679196904	3.0		0.0		0.0		0.0		0.0	-12.278671972578321	2.0		0.0	-4.677072103604353	1.0		0.0	-4.411974525563106	2.0		0.0	-8.886874365365124	1.0		0.0
samp_48	-6.2072006479407715	2.9539262668496105	-0.1275769795042209	-9.00075539280738	1.0	-6.924573418660848	1.0	-7.523256039485437	2.0	-10.090905272835345	1.0	-7.379662216364559	2.0		0.0		0.0		0.0	-2.9639462539822867	1.0	-5.270907375658698	3.0		0.0	-11.210135434448729	1.0	-13.204852370782415	1.0	0.6279477576931745	2.0		0.0	-5.222723028375094	2.0	-4.378200710333561	1.0		0.0	-9.066381711274827	1.0	-4.605990134463283	1.0
samp_49	-7.423809720932932	2.919024708069726	-0.10557101290523856		0.0		0.0	-7.407313896482796	1.0	-9.800388531337445	2.0	-7.309673504166783	1.0	-7.727105842174061	1.0		0.0	-5.9252323979330015	2.0		0.0	-5.2557919874459245	1.0	-4.328963571131783	1.0		0.0		0.0	0.6236482662838325	5.0	-4.649329569636249	1.0	-5.208464745635059	2.0	-4.370384808674871	1.0	-7.3046288680995985	1.0	-8.79405231582904	1.0		0.0
samp_50	-6.462902379162028	2.9753415658520175	-0.09285793518348817	-8.963334337320786	1.0	-6.941777376671029	1.0	-7.52253376130033	1.0	-10.073419243301505	2.0	-7.391990799928621	1.0		0.0	-10.348160669301187	1.0	-5.971854829337052	1.0		0.0	-5.295349998798506	1.0	-4.361019909967584	2.0	-11.048209987645004	1.0	-12.551110233592437	3.0	0.6203536272033133	2.0		0.0		0.0		0.0	-7.38806445584873	1.0		0.0	-4.630835614839502	2.0
samp_51	-5.95953807959437	3.697847100449063	-0.624389007862129	-9.305278529833792	2.0		0.0		0.0	-10.35399808533977	1.0	-7.547881316447038	1.0	-8.023301046243269	3.0	-10.78974310314799	1.0	-6.062727953399738	1.0	-2.873850567143623	1.0	-5.355276273889917	2.0		0.0	-11.764744110751714	2.0	-25.70042175415222	1.0		0.0	-4.705346735708669	1.0	-5.306704853989087	1.0	-4.413644686331167	2.0	-7.5454230402226585	1.0		0.0		0.0
samp_52	-6.722513424443889	3.1676288384560496	-0.2924766482606585	-8.880498057656554	1.0	-6.92470099938795	2.0		0.0	-10.006026432074105	1.0		0.0	-7.804700204540619	1.0		0.0		0.0	-2.9283903131801425	3.0	-5.279368310202841	2.0		0.0		0.0	-12.188992599009348	3.0	0.6566094014503088	1.0	-4.661741865114149	1.0		0.0		0.0	-7.365531025974537	3.0	-8.967627732901924	1.0	-4.610956918159873	1.0
samp_53	-6.214654750631219	3.653687866912766	-0.5852058311995468		0.0	-7.050944263012064	1.0		0.0	-10.284230018918754	1.0	-7.51622837770862	1.0		0.0	-10.654439047251499	1.0		0.0	-2.8812644755624874	2.0	-5.351402045888182	1.0	-4.369745762026353	1.0	-11.483588547815831	2.0	-13.380458690857811	3.0		0.0	-4.706065265122733	1.0		0.0	-4.4155199198964405	2.0	-7.512947570737443	2.0	-9.262602129933775	1.0	-4.660212993695665	1.0
samp_54	-6.2572791315207805	3.1422663627224776	-0.29239640748109796		0.0	-6.9328981530526175	2.0	-7.528790238726226	2.0	-10.096965177653212	1.0	-7.387930053308699	2.0		0.0		0.0	-5.9552769760221125	1.0	-2.92529518088585	4.0		0.0		0.0	-11.189755970846479	1.0	-13.028298726378038	1.0	0.6572813742251792	1.0	-4.654602328531731	1.0	-5.225055160781191	2.0	-4.37170574663422	1.0		0.0		0.0	-4.603219154068457	1.0
samp_55	-6.299943350519558	3.178404986758066	-0.19547269664894373		0.0	-7.004000960219361	1.0		0.0		0.0		0.0	-7.915483377316325	1.0	-10.5278388726154	1.0	-6.022806899796287	2.0	-2.9714287549087826	1.0		0.0	-4.390619171001445	1.0	-11.307619834865662	1.0	-13.011590672163079	3.0	0.6386231327979631	1.0		0.0	-5.290467419203315	1.0	-4.433438612241709	3.0	-7.458240878641954	1.0	-9.166424940700002	1.0	-4.666083287935444	2.0
samp_56	-6.3015547747561005	3.5492400687764514	-0.5488479949503906	-9.114422330455143	1.0	-7.008555619545199	2.0		0.0	-10.20719545800535	1.0	-7.468448052514873	1.0	-7.923891149852811	1.0		0.0	-6.01921955581837	1.0	-2.882325806178695	2.0	-5.323437780012253	2.0	-4.351890796227786	1.0	-11.32652240897098	2.0	-13.022818441506935	4.0		0.0		0.0		0.0	-4.396922554059454	1.0	-7.464858514887904	1.0		0.0		0.0
samp_57	-6.719644684798673	2.820465848895549	-0.002005972503581257	-8.839948749205679	1.0		0.0	-7.458156727592792	2.0	-9.962246256372667	1.0		0.0	-7.773648261000983	2.0		0.0	-5.937592792594415	1.0		0.0		0.0	-4.341986907609113	1.0		0.0	-12.135998745229264	3.0	0.5978484030029964	1.0		0.0	-5.218990269120828	1.0	-4.382995596168867	2.0	-7.336636994943543	1.0		0.0	-4.607963827852346	4.0
samp_58	-6.455143446862527	2.876275945713843	-0.1436114586330414	-8.847896355921954	1.0	-6.861657095849575	1.0	-7.434375447339312	2.0	-9.957329807678418	2.0	-7.308475806972868	1.0	-7.746677801499389	1.0	-10.203774405963715	2.0		0.0	-2.9406730975680824	1.0	-5.2233666001900625	1.0		0.0	-10.870999760969713	1.0	-12.424341982282185	3.0	0.6326330105373419	1.0		0.0	-5.1755832941906235	2.0		0.0	-7.304424984630897	1.0		0.0		0.0
samp_59	-6.128862788073611	3.36657871136155	-0.35062841333651845		0.0	-7.031759129420322	1.0		0.0		0.0	-7.4965027396853	3.0		0.0	-10.644969545955515	4.0		0.0	-2.9337117909642787	3.0		0.0	-4.385283878125209	2.0	-11.507003478333127	1.0	-13.794548816567504	2.0	0.6588496283183896	1.0		0.0	-5.298777080637885	1.0	-4.4292356636531895	1.0		0.0		0.0	-4.666570459080284	1.0
samp_60	-5.905880837598126	2.8596775491365336	-0.0717293963413335	-9.071574096552322	2.0	-6.923226702304215	1.0	-7.550357307307278	3.0		0.0		0.0		0.0	-10.546886677726985	2.0	-5.939415778144605	3.0		0.0	-5.260094842386436	2.0		0.0		0.0		0.0	0.6150732703518037	1.0	-4.649941437390869	3.0		0.0		0.0	-7.382744314827623	1.0	-9.120954401640127	1.0	-4.595610110738164	1.0
samp_61	-6.147523969471214	3.3591980162588064	-0.438462458310858		0.0		0.0	-7.589031603074595	1.0		0.0	-7.437560124252226	2.0	-7.89541043986418	1.0		0.0	-5.988722774690075	1.0	-2.899333507991217	1.0	-5.298406741708266	2.0	-4.339578926406972	2.0	-11.37900342815104	2.0	-13.595998997553949	3.0		0.0	-4.6693862729069355	2.0	-5.25023107046352	1.0		0.0	-7.434307183911596	2.0		0.0		0.0
samp_62	-6.702970813981983	2.7150061748445893	-0.0846660731883072	-8.708373666941673	3.0		0.0	-7.352622280914836	2.0	-9.821955270637119	3.0		0.0	-7.667585303011458	1.0	-9.985046590968814	2.0	-5.843391147047389	1.0	-2.931367046882682	2.0	-5.175426278215133	1.0		0.0		0.0		0.0		0.0		0.0	-5.127905371830789	1.0	-4.297453043611043	1.0	-7.234900935774371	1.0	-8.798163872987756	1.0	-4.520519677477188	1.0
samp_63	-5.965566553887728	3.0594167498770957	-0.14561156223972796	-9.160368419252835	2.0	-6.989064106198573	1.0	-7.621582641716314	1.0		0.0		0.0	-7.919031242898499	1.0	-10.632253180135073	1.0	-5.999632824316948	2.0	-2.975521735724314	1.0		0.0		0.0	-11.579202006322422	2.0	-25.383314575538154	2.0	0.6304337327826517	1.0		0.0	-5.2664089256593085	1.0	-4.413807257915034	2.0		0.0		0.0	-4.644150891250742	3.0
samp_64	-6.7947274792353785	-10.284756260687892	13.05706403078295		0.0	-6.8788044913694915	1.0	-7.432818652483438	2.0	-9.909492477799898	2.0	-7.317266254507661	1.0	-7.745137811823928	1.0	-10.078048685229405	1.0	-5.933515597383707	2.0		0.0		0.0	-4.413977276093751	2.0		0.0	-12.013356787222495	1.0		0.0		0.0	-5.236091961976128	1.0	-4.449900643587383	2.0	-7.3129654594125135	1.0		0.0	-4.654048778501102	3.0
samp_65	-6.002187102492312	-11.748630328108428	14.508867559240274		0.0		0.0	-7.522606186108704	2.0		0.0		0.0	-7.818991562449203	1.0	-10.465144848201728	2.0	-5.943218265258783	1.0		0.0	-5.286873024982004	2.0	-4.4118248876206	1.0	-11.359144184776412	2.0	-64.28315319489457	2.0		0.0		0.0	-5.238232359068681	3.0	-4.447818423164067	1.0		0.0		0.0	-4.652584332051291	3.0
samp_66	-5.9364146745473265	3.1602876636010473	-0.1480232120903654	-9.259262902480238	2.0	-7.047420389677602	4.0	-7.694410943573573	1.0	-10.310915664685592	1.0	-7.517677130183328	2.0		0.0	-10.743541257136703	1.0	-6.0505417336631915	1.0		0.0	-5.361558415516886	1.0	-4.410200185902696	1.0	-11.7275093734374	1.0		0.0		0.0		0.0	-5.312644134538313	1.0	-4.452980461113874	1.0		0.0	-9.299984042643858	2.0	-4.685779424469728	1.0
samp_67	-6.6003244103490175	2.8350531323132913	-0.11595059328132715		0.0		0.0	-7.411727176236269	3.0		0.0	-7.292590204046432	2.0	-7.7259526284230535	2.0		0.0	-5.888068414492629	1.0	-2.9443111296669784	2.0	-5.216746292720761	1.0	-4.291786742793244	1.0		0.0	-12.18282283776567	1.0	0.6264229860268333	3.0		0.0		0.0	-4.332886860316579	1.0		0.0	-8.883223379894387	1.0	-4.558068938275135	2.0
samp_68	-6.238358141502659	3.0309824306144515	-0.10833737243542613		0.0		0.0	-7.578764095436098	1.0	-10.159863591688238	1.0	-7.432853987329217	1.0	-7.886233808134954	1.0		0.0	-5.996758722731021	1.0		0.0		0.0	-4.37685168310493	1.0	-11.292806211373676	1.0	-13.160324376288285	1.0	0.6233302748858731	2.0	-4.701495920741588	1.0	-5.268000579512876	4.0		0.0	-7.4294527197239155	1.0	-9.135279530445736	3.0	-4.64834205988339	1.0
samp_69	-6.006444293843443	3.8376722136194967	-0.7082458628621495		0.0	-7.099232516457254	1.0		0.0	-10.387352631304696	1.0	-7.575265336213512	2.0	-8.052195227520125	2.0	-10.819134989282027	2.0		0.0	-2.861468134596027	1.0	-5.370198153173408	2.0	-4.370941159574863	2.0	-11.76870373788069	1.0		0.0		0.0	-4.711449937475115	2.0	-5.321732574457805	1.0		0.0		0.0	-9.379039904891417	2.0	-4.6683784717691745	1.0
samp_70	-5.8194228222650075	3.5607402893261684	-0.5443769463810372	-9.304598812685395	3.0	-7.054911143291965	1.0	-7.719750325743534	1.0		0.0		0.0	-8.009638746603041	3.0	-10.8161922554274	1.0	-6.0438296142389385	1.0	-2.886492191774463	2.0	-5.340221447010033	2.0	-4.361959066298873	1.0		0.0		0.0		0.0		0.0	-5.291411045567855	3.0		0.0		0.0	-9.3374709727928	1.0	-4.649708676893677	1.0
samp_71	-5.90315666863651	3.338632071214959	-0.30854774238327154		0.0	-7.0586121655717475	1.0	-7.712584511570726	1.0	-10.33477229175529	1.0	-7.531500106361995	2.0	-8.005946929099808	3.0	-10.779613458540496	1.0		0.0	-2.9475227951394207	2.0		0.0	-4.397835284947025	1.0	-11.793533332291116	3.0	-26.06089174820327	1.0	0.653118807410859	1.0		0.0		0.0	-4.4416752151311885	1.0		0.0	-9.32496438794215	1.0	-4.678753556006255	1.0
samp_72	-5.835419636574971	3.5586642578108973	-0.5585293858978824	-9.283931082331831	1.0	-7.043824772303474	1.0	-7.704231267766553	1.0		0.0		0.0		0.0		0.0		0.0	-2.881436635365268	3.0	-5.331570004023182	2.0		0.0	-11.864422931069605	2.0	-27.972600462529957	1.0		0.0	-4.689313376338945	1.0	-5.28283345387099	1.0	-4.399469390185042	1.0	-7.5168954386742	3.0	-9.318699587544675	2.0	-4.641786147374654	1.0
samp_73	-6.267142296449965	2.9655759970495095	-0.08350973701374241		0.0	-6.951967323342133	1.0	-7.549216243701994	2.0	-10.120273224361581	2.0	-7.407030655661343	1.0	-7.857423362731431	2.0		0.0	-5.976315166030801	2.0		0.0	-5.29810584691033	1.0	-4.362862073626557	1.0	-11.218619001917196	1.0		0.0	0.6182429157430929	1.0		0.0	-5.249891362681137	1.0	-4.404568117472951	2.0		0.0	-9.09420003527954	3.0		0.0
samp_74	-5.985154298850995	3.001684412951927	-0.13741253761186203	-9.109881836486432	1.0		0.0	-7.585041220841029	2.0	-10.179141019972688	1.0		0.0		0.0		0.0	-5.974098604744732	1.0	-2.9690078502159767	1.0	-5.291842789282136	1.0		0.0	-11.498371400163593	1.0		0.0	0.6295112960017171	3.0	-4.676857460697623	1.0		0.0	-4.394409737476563	1.0	-7.41975253844774	4.0	-9.160774111538464	2.0	-4.62345023028908	1.0
samp_75	-6.4783678261813336	3.4718473695398666	-0.5203493264718007	-9.01285213755369	1.0	-6.972773010883887	2.0		0.0	-10.125000960823845	1.0	-7.42622400576262	1.0	-7.872410714856989	2.0	-10.409614256424234	2.0		0.0	-2.882952381369181	4.0	-5.301801652035807	1.0	-4.3380111189934185	2.0		0.0	-12.589682834389727	2.0		0.0		0.0		0.0	-4.382495369730344	1.0		0.0	-9.088825839691049	1.0		0.0
samp_76	-5.670702202071368	3.6994712246188417	-0.637834751661549	-9.399594526018888	1.0	-7.094921471329285	1.0	-7.790413317184877	1.0	-10.433052611973068	1.0		0.0		0.0		0.0	-6.069390110547297	2.0		0.0	-5.35648429515157	1.0		0.0	-12.26575339320227	3.0		0.0		0.0	-4.703720274122469	4.0		0.0	-4.411018855589733	1.0	-7.578577980974435	1.0	-9.420406448249263	2.0	-4.657726427939483	2.0
samp_77	-5.6930400315848155	3.2089425016070683	-0.14302578997634374		0.0		0.0		0.0		0.0	-7.584098504533189	2.0		0.0	-10.946618186742413	1.0	-6.088981987593224	3.0		0.0	-5.39312566780745	1.0	-4.434174145267228	1.0	-12.215779496445185	4.0	-28.792101005257972	1.0	0.6287849633811518	1.0		0.0	-5.343573251910588	2.0	-4.477292922042922	1.0	-7.582936033988235	1.0		0.0	-4.711818525483675	2.0
samp_78	-6.627265040407533	2.9800569443406797	-0.08371727337196709		0.0	-6.94183388390568	3.0	-7.511635248913307	1.0	-10.045535640646756	1.0	-7.388742084317885	1.0	-7.826725010437391	2.0	-10.281877235204318	1.0	-5.975755354315817	1.0		0.0	-5.300420396293434	2.0	-4.366690817358125	1.0		0.0	-12.319831086786419	2.0	0.6184437769979773	1.0		0.0	-5.2525461859311715	1.0	-4.408438623843232	1.0		0.0	-9.007487787705777	1.0	-4.6364969568582595	1.0
samp_79	-7.148676818771399	2.9562109238042606	-0.12131084868146967		0.0	-6.892520803602328	1.0	-7.43350444368721	1.0	-9.875804467825244	1.0		0.0	-7.752557082893672	2.0		0.0	-5.937707893041792	2.0	-2.9655929874540923	1.0	-5.26633920268621	2.0	-4.336735129483179	1.0		0.0		0.0	0.6269325525235917	3.0	-4.658015912484273	1.0		0.0	-4.3783397961667845	1.0	-7.324902793570651	1.0	-8.851037585528902	1.0	-4.605578096964996	2.0
samp_80	-6.0083039578791215	3.1138671510659943	-0.2032336735607873		0.0	-6.983482104093872	2.0	-7.610524440488145	1.0	-10.209446124768041	1.0		0.0		0.0		0.0	-5.995080803709002	2.0	-2.959144545424568	2.0	-5.309849975412444	2.0	-4.363932072304787	1.0	-11.521930212272908	1.0		0.0	0.6411360883410642	2.0	-4.690418106700826	2.0	-5.261296390267903	2.0	-4.4064370728200375	1.0		0.0	-9.192462534629007	1.0		0.0
samp_81	-5.755747835664965	3.1820059635132094	-0.17025288623986826	-9.324316342148032	1.0		0.0		0.0		0.0	-7.540278046364019	2.0		0.0	-10.852749365128206	2.0	-6.057220141007706	1.0		0.0		0.0		0.0	-12.021158839386327	4.0	-26.728877241663575	1.0	0.6339806141480719	1.0	-4.739122936165499	3.0	-5.31515000757717	1.0	-4.452295834491749	2.0		0.0	-9.353081392082123	2.0		0.0
samp_82	-6.1685214329202935	3.1236955708440224	-0.15723963258822585		0.0	-7.0038152264605	1.0	-7.617802738019375	1.0	-10.2125624870593	2.0	-7.4647077027295	2.0		0.0		0.0	-6.0193518223276286	1.0	-2.980072597740789	1.0	-5.335313659610337	1.0		0.0	-11.410649736683427	2.0	-13.510362876349255	1.0	0.6323535632598888	3.0		0.0	-5.286865055967315	1.0	-4.431978548007018	1.0	-7.46152029236836	3.0		0.0		0.0
samp_83	-6.5873010890043675	3.3089852894691836	-0.4306083121864799		0.0		0.0	-7.501905079756149	1.0	-10.040430740352027	1.0	-7.378747240914953	1.0	-7.818157643665019	3.0	-10.283052153206365	2.0		0.0	-2.894551498000673	2.0	-5.274174579888027	1.0	-4.322614103950499	1.0		0.0	-12.354311917732296	3.0		0.0	-4.650082180079932	1.0	-5.22654322823967	1.0		0.0	-7.374513381572334	2.0		0.0	-4.6009834275249295	1.0
samp_84	-6.149275099825701	3.0673738278533715	-0.18858528120405985	-9.064753948493749	2.0	-6.9562711747077985	2.0	-7.564814294493339	2.0	-10.147073486052868	2.0	-7.414811057686471	3.0		0.0	-10.500033806274638	1.0	-5.97522382996036	1.0	-2.957412484386615	1.0	-5.2933621161014015	1.0		0.0	-11.328977166694123	1.0		0.0	0.6392319914696146	1.0		0.0	-5.245077428870049	2.0		0.0	-7.411568901017183	1.0		0.0		0.0
samp_85	-5.881262704277949	3.052040087300205	-0.11598816686198961	-9.210551732553787	3.0	-7.008757845795922	2.0	-7.654541399021247	2.0	-10.265612512698405	1.0	-7.477561850275142	3.0	-7.947212484550133	1.0		0.0	-6.014720254048174	2.0		0.0		0.0	-4.3842436313627875	1.0	-11.721698472392811	1.0		0.0	0.624647923685031	1.0	-4.710483034184846	1.0		0.0	-4.426448888725107	1.0		0.0	-9.251381384790767	1.0		0.0
samp_86	-6.544246938062668	2.9124586732200726	-0.11616263167443183		0.0	-6.891945584317679	1.0	-7.462037312992322	2.0		0.0	-7.338332699176241	1.0		0.0		0.0	-5.927117759964021	1.0	-2.960305399354036	1.0	-5.253308796565071	3.0		0.0		0.0	-12.336415843732889	1.0	0.6259408514895958	1.0	-4.644808869866423	2.0		0.0	-4.365068055709249	1.0	-7.33419307141284	2.0	-8.953373616024331	2.0	-4.591761839141167	2.0
samp_87	-6.117358504134601	0.6176244903075537	2.1796522906072484	-9.00858097294246	1.0		0.0	-7.5265914820769915	2.0	-10.091447628115358	2.0	-7.375906154816552	1.0	-7.827057998193583	2.0		0.0		0.0		0.0		0.0	-4.418393676231523	1.0	-11.268524199057802	3.0	-13.722204671433527	2.0		0.0		0.0		0.0	-4.4549999522621135	3.0	-7.3728141344327	2.0		0.0	-4.662250290649093	1.0
samp_88	-5.687444712636082	3.2552588982947874	-0.2421561664317066		0.0	-7.070347922621966	2.0	-7.755116612009134	1.0		0.0	-7.550019731103026	1.0		0.0	-10.900837483591735	1.0	-6.058989140857871	2.0	-2.9646467183321	1.0	-5.362771844737919	2.0		0.0	-12.171969375309885	1.0		0.0	0.6447669808948778	1.0	-4.733494602682928	1.0	-5.313393255243609	3.0		0.0	-7.548694917293472	2.0	-9.374204549114458	1.0	-4.680939272324014	1.0
samp_89	-6.018272851816369	3.113276700502427	-0.1226247896516581		0.0	-7.028680508596566	1.0	-7.662516503245164	1.0	-10.271038365394702	1.0	-7.495141926844417	1.0	-7.961544862706667	1.0		0.0	-6.037288759247699	1.0		0.0	-5.351123648306927	1.0	-4.403867144310031	1.0	-11.600072874493675	1.0		0.0	0.6258224695451036	1.0		0.0	-5.30238683092574	2.0	-4.446374943355842	4.0	-7.492474503114673	2.0	-9.257077390131036	2.0		0.0
samp_90	-5.906556201643739	3.497459684288824	-0.5246277485321006	-9.233442111559294	2.0	-7.022500880312431	1.0	-7.669477279883478	1.0	-10.287415235123381	1.0		0.0	-7.965344065680182	1.0		0.0		0.0	-2.8859218629120624	2.0	-5.320371561541751	2.0	-4.348895773760715	2.0	-11.725266355314401	1.0		0.0		0.0	-4.682284635063353	3.0	-5.271805469259866	1.0		0.0	-7.491308357037571	1.0	-9.274326254830816	1.0	-4.6341572542044664	1.0
samp_91	-7.903956326550261	2.703200102024304	-0.10629625358548296	-8.513711843442461	1.0	-6.760206600885129	1.0	-7.278083304522613	3.0	-9.573459732702467	3.0		0.0	-7.597713534248993	1.0		0.0	-5.817582310988259	1.0	-2.9174450462551462	2.0		0.0		0.0		0.0		0.0	0.6253424957545634	2.0	-4.554984446322728	2.0	-5.1068470995656465	3.0		0.0	-7.183240411510581	1.0		0.0		0.0
samp_92	-5.854319997856925	3.032095037066606	-0.10657143462865479	-9.210820165109954	1.0		0.0	-7.653308729511148	2.0		0.0	-7.474322772956361	1.0	-7.944583426993632	2.0	-10.70846129458319	1.0	-6.010602235187035	2.0		0.0	-5.324803824860403	1.0	-4.381263003390838	1.0		0.0		0.0	0.6227749159890861	2.0	-4.707185474998587	1.0	-5.275900802795298	2.0	-4.423370806412404	1.0	-7.472102677259785	2.0		0.0	-4.653343811031244	1.0
samp_93	-5.928778198317519	3.0191466574199928	-0.14261690585172535	-9.140599139797512	3.0		0.0	-7.60408191926582	1.0	-10.204653695103156	2.0	-7.43579725323473	1.0		0.0		0.0	-5.982065544055865	2.0	-2.969989466958721	1.0	-5.298447380084727	1.0		0.0	-11.586773154596926	2.0		0.0	0.6304048604738735	3.0	-4.682292261977722	2.0		0.0	-4.399359768449339	2.0		0.0		0.0		0.0
samp_94	-5.739727876111791	3.295178397664766	-0.27715275522261773	-9.335630691667555	2.0		0.0		0.0		0.0	-7.5456151607441315	1.0		0.0	-10.869282680785174	1.0	-6.05793073941224	1.0	-2.955295010033921	3.0	-5.3615095458284125	1.0	-4.3990985342490205	1.0	-12.06053056590218	1.0		0.0	0.6494874795233303	2.0	-4.730928221937037	1.0	-5.312260563288056	1.0		0.0	-7.544055458824903	1.0	-9.363031304485828	2.0	-4.678959475329747	2.0
samp_95	-6.919839633923163	3.0691307233316403	-0.17373024795667694	-8.844888233783022	1.0		0.0		0.0	-9.975433029275592	2.0	-7.371402693090836	3.0	-7.801015609694508	1.0		0.0	-5.968528606288176	4.0	-2.962674745321315	1.0		0.0		0.0		0.0	-12.02537515515643	1.0	0.636637474297627	2.0	-4.679894827469091	3.0		0.0		0.0	-7.366806895312502	2.0		0.0		0.0
samp_96	-6.723461009547279	2.9772019786394646	-0.09098761385621386		0.0	-6.932559364931066	2.0	-7.495814041871516	1.0	-10.014703323478637	2.0		0.0	-7.812012247372119	1.0	-10.22451677411707	1.0	-5.968967215147385	1.0		0.0	-5.294476011334613	2.0		0.0		0.0	-12.198950136061082	1.0	0.620070499004823	2.0		0.0	-5.246693036433704	1.0	-4.403258361441261	5.0		0.0	-8.975967388520255	1.0		0.0
samp_97	-6.011469045615824	3.1036886777651844	-0.11040851703198387		0.0		0.0	-7.665802758191341	1.0		0.0	-7.497582248463126	2.0	-7.9644152511209425	2.0		0.0	-6.039188609903136	2.0		0.0		0.0		0.0	-11.611101805472007	1.0	-15.897941619314189	1.0	0.6234626800896577	2.0		0.0	-5.304358977155754	1.0	-4.448744797342567	3.0	-7.494934604360287	1.0	-9.261360233327913	2.0	-4.6801391164682435	2.0
samp_98	-6.360378269629513	2.980157446484592	-0.1635379226020881		0.0	-6.9107545693290175	1.0	-7.495488639444858	2.0	-10.045609777128982	1.0	-7.361838995996691	2.0		0.0	-10.332967054055544	2.0		0.0	-2.9524096259178774	2.0	-5.262713747147837	2.0		0.0		0.0		0.0	0.6356230620902263	2.0	-4.651001410798037	1.0	-5.214743834582498	2.0	-4.370133033589271	2.0	-7.358034193410217	1.0		0.0		0.0
samp_99	-6.09789346693301	3.218358389259791	-0.2330771942659253	-9.175750453800283	1.0	-7.018388092577881	1.0		0.0	-10.245758590382168	1.0		0.0	-7.9452057806776	3.0	-10.630676406175214	3.0		0.0	-2.9618356500885357	1.0		0.0	-4.388626255183919	2.0	-11.504490276626754	2.0	-14.023680994339136	2.0	0.6444514594885705	1.0	-4.7173434268213335	1.0		0.0	-4.431696728794376	1.0	-7.479500653233265	1.0		0.0		0.0
