run	log_F	b5H1_log_P	b5H1_weight	b5F2_log_P	b5F2_weight	b5G4_log_P	b5G4_weight	b5H3_log_P	b5H3_weight	b5H7_log_P	b5H7_weight	b5H2_log_P	b5H2_weight	b5H6_log_P	b5H6_weight	b5G9_log_P	b5G9_weight
fit	-1.3261766170898837	-2.391404130254732	1.0	-0.972924008671845	1.0	-4.422541311941114	1.0	-5.113065539571589	1.0	-1.999458967686506	1.0	-2.5790223474166125	1.0	-0.9569223614062428	1.0	-4.884933804361181	1.0
samp_00	-0.22854350740347484	-2.2082950064727487	1.0	-0.7672266544845594	1.0	-4.247940743492369	2.0	-4.936134184078909	2.0		0.0	-2.3970280048632953	1.0	-0.7448831598977194	1.0		0.0
samp_01	-1.3421328111929498	-2.3931130389961046	1.0	-0.9747504447068892	1.0	-4.424202138486933	2.0	-5.1147587496148414	1.0	-2.001211139226978	2.0		0.0		0.0	-4.886589321719273	1.0
samp_02	-1.4257939328564144		0.0		0.0	-4.432575773652762	2.0	-5.123282741210047	1.0	-2.0100266753363694	1.0	-2.589295551266044	1.0	-0.9683290104615758	2.0	-4.894928686261275	1.0
samp_03	-0.27132806099262347	-2.21827772788035	2.0	-0.7788723676167323	1.0		0.0	-4.94555320261939	2.0	-1.8204247476262225	1.0	-2.4069196208275043	1.0	-0.756911005625428	1.0		0.0
samp_04	-18.445502338645124	-2.5107284049845795	1.0	-1.0978482888038021	1.0	-4.5402015332839625	1.0		0.0	-2.121211618384329	2.0		0.0		0.0	-5.002350671460546	3.0
samp_05	-17.82004476955882		0.0	-1.0978003068292908	1.0	-4.540242085059332	1.0		0.0	-2.1211969552996357	3.0		0.0	-1.0855927177252747	1.0	-5.002339833805444	2.0
samp_06	-0.3442421586902482		0.0		0.0	-4.27268324920809	1.0	-4.961102056036858	2.0	-1.8375325487990921	1.0	-2.4231984458120146	1.0	-0.7765659199674841	1.0	-4.736112064369169	2.0
samp_07	-1.2652614348807418	-2.3846809011874273	1.0	-0.9656688857137283	2.0		0.0	-5.106410645154704	1.0	-1.9925568085356216	1.0	-2.57231948297586	2.0		0.0	-4.878422992590404	1.0
samp_08	-0.29520020450669154		0.0	-0.7852163746409418	1.0	-4.262391183241663	1.0	-4.950714476229899	2.0	-1.8261119048137286	1.0	-2.412330498511144	1.0	-0.7634601313045226	1.0	-4.725927989561548	1.0
samp_09	-0.1852523752072191	-2.197923581229755	1.0	-0.755058429276604	2.0	-4.238258184266306	1.0	-4.9263728271516305	2.0		0.0	-2.3867546971165834	1.0		0.0	-4.702053360070948	1.0
samp_10	-0.29969272991486196		0.0		0.0	-4.263346999311551	1.0	-4.951678129789569	2.0		0.0	-2.413339009125214	2.0	-0.7646811089823796	1.0	-4.7268722006451585	2.0
samp_11	0.2533078020073919		0.0		0.0		0.0	-4.814701637724446	3.0	-1.6722618821184132	2.0	-2.2673506791392914	2.0	-0.5817384877215896	1.0		0.0
samp_12	-1.2832987211624562	-2.3867064095359933	1.0	-0.9678558680453309	1.0	-4.417979180500011	3.0	-5.108416942694903	1.0	-1.9946360426314493	1.0		0.0	-0.9517054026886306	1.0		0.0
samp_13	-20.549024959876093	-2.510733690244939	2.0	-1.0978477695447655	2.0		0.0		0.0	-2.1212021966732193	1.0		0.0	-1.085616681222692	1.0	-5.002340870274307	2.0
samp_14	-17.69505178212341	-2.5107282205961727	2.0	-1.097848185047497	1.0	-4.540203894104611	1.0		0.0	-2.121207187536564	1.0		0.0		0.0	-5.00234665173456	3.0
samp_15	0.850377401363364	-1.8643022518217145	2.0	-0.3332152768737516	1.0		0.0	-4.627097700787765	4.0		0.0		0.0		0.0	-4.408087650755276	1.0
samp_16	-19.260833254088606	-2.510736835874067	2.0		0.0	-4.540199360386221	2.0		0.0	-2.1211826505673366	2.0		0.0	-1.0856220640849732	1.0	-5.0023667612549545	1.0
samp_17	-1.3438349752080538	-2.39329272821748	1.0	-0.9749581287686812	1.0		0.0	-5.114937002215709	1.0		0.0	-2.580904533208485	3.0	-0.9590141780407249	2.0		0.0
samp_18	-18.132767704974484	-2.5107233716711437	1.0	-1.0978478659774642	2.0	-4.540204230922802	2.0		0.0		0.0	-2.698247085535936	1.0		0.0	-5.002348226270203	2.0
samp_19	-1.7268093475207502	-2.428066211318294	1.0		0.0		0.0	-5.1495848704160645	1.0	-2.0370459817972897	3.0	-2.615622696481793	2.0	-0.9972965327142943	1.0		0.0
samp_20	-18.719276024779763	-2.5106992390932565	2.0	-1.0978409253944506	1.0	-4.540188956256099	2.0		0.0	-2.1212150576408777	2.0		0.0	-1.0856511828081707	1.0		0.0
samp_21	-1.3024290623365766		0.0	-0.9701413279771551	2.0		0.0	-5.11050942192827	1.0		0.0	-2.576447768773203	2.0	-0.9540543733239819	2.0	-4.882430870677525	1.0
samp_22	-1.2493616461256147		0.0	-0.9637152090702881	3.0	-4.41424727767345	1.0	-5.104626961569628	1.0		0.0	-2.5705165313272214	1.0	-0.9474315612809456	2.0		0.0
samp_23	-18.755415206401622	-2.510717313651201	1.0	-1.0978504201823451	1.0	-4.540200555250751	1.0		0.0	-2.1212123784867085	2.0	-2.698239356425432	2.0		0.0	-5.002355520417204	1.0
samp_24	-18.614528615777942	-2.5107234464688863	1.0	-1.0978463908660108	1.0	-4.54020387661765	1.0		0.0	-2.121216122270621	2.0		0.0	-1.0856200749686298	3.0		0.0
samp_25	-0.2662502198275516	-2.2171055271006583	2.0		0.0	-4.2561818086478125	2.0	-4.944446207960856	2.0		0.0		0.0		0.0	-4.719781657833627	2.0
samp_26	-18.047537130548598		0.0	-1.097846095350471	1.0	-4.5402036604737885	4.0		0.0		0.0	-2.6982480450040573	1.0	-1.085625591399007	1.0	-5.002348902280475	1.0
samp_27	-0.2679232676995144	-2.2174928455523752	2.0	-0.7779536593163474	1.0	-4.256544218449547	1.0	-4.944812206358414	2.0	-1.8196035448198233	1.0		0.0		0.0	-4.7201406870227585	1.0
samp_28	-0.24289730840657128		0.0	-0.7711524431331613	1.0	-4.251095127379698	1.0	-4.93931704524434	2.0		0.0	-2.4003723356588296	1.0	-0.7489691617490838	1.0	-4.714751538973159	2.0
samp_29	-20.70669787978293	-2.5107221613959285	2.0		0.0	-4.540195922680587	1.0		0.0		0.0	-2.6982432938767134	1.0	-1.0856218972682872	1.0	-5.002343585388853	3.0
samp_30	-19.669138496908634	-2.5107380925120704	3.0	-1.09789864620628	1.0	-4.540200727217405	1.0		0.0	-2.1212011751567585	1.0		0.0	-1.0856327998208626	1.0	-5.00235595959188	1.0
samp_31	-1.2736486182415985	-2.3856267347028197	1.0	-0.9666907510241217	3.0	-4.416922935648291	1.0	-5.107346401375762	1.0	-1.9935294582933574	1.0		0.0	-0.9504986325780778	1.0		0.0
samp_32	-20.368238615902513	-2.510724128488542	1.0	-1.0978469895484133	2.0	-4.540202488674123	1.0		0.0	-2.1212082004930255	1.0	-2.6982488687182	1.0	-1.085623981078541	2.0		0.0
samp_33	-20.467736331098603	-2.5107349344370964	1.0		0.0	-4.540200878727237	2.0		0.0		0.0	-2.6982482180556793	3.0	-1.0856156593372204	2.0		0.0
samp_34	-17.992701192045036	-2.5107590355318807	1.0	-1.0978495528187835	1.0	-4.540218340385607	1.0		0.0	-2.121200354069485	1.0	-2.6982144245637114	1.0	-1.0856294973599352	1.0	-5.002348367162579	2.0
samp_35	-1.3910122901078124	-2.3982030786214836	1.0	-0.9802372904576465	1.0	-4.429161724962668	1.0	-5.119806496059961	1.0	-2.0064338178759424	1.0		0.0	-0.9644547000632273	2.0	-4.8915249525734765	1.0
samp_36	-1.2607331322242574	-2.3841726132597323	2.0	-0.9651428575675163	2.0		0.0	-5.105891565855186	1.0		0.0	-2.571803543818372	1.0	-0.9488410987877418	2.0		0.0
samp_37	-0.4113004402053438		0.0		0.0		0.0	-4.974843938686067	2.0	-1.8525530501057388	2.0	-2.4375279567166857	2.0	-0.793736899158264	1.0	-4.749583175741981	1.0
samp_38	-1.2818028817938647		0.0	-0.9676760507800133	2.0	-4.417810032890839	2.0	-5.108249832015638	1.0	-1.9944678566066822	1.0		0.0	-0.9515129526478547	1.0	-4.880221927226529	1.0
samp_39	-1.112067937765654	-2.3662539181324984	3.0	-0.9456713897349552	1.0	-4.39813664278651	1.0	-5.088239050217086	1.0		0.0	-2.5539587388189764	1.0		0.0	-4.860640437498201	1.0
samp_40	-0.3521630702158197		0.0		0.0	-4.2743174635772165	1.0	-4.962753529764741	2.0	-1.8393353430260944	1.0	-2.4249207151470307	2.0		0.0	-4.737731674216549	2.0
samp_41	-18.285517881807937		0.0	-1.0978435311087502	1.0	-4.540203632070486	2.0		0.0	-2.1212128356355153	3.0	-2.6982525387941374	1.0	-1.0856307690016695	1.0		0.0
samp_42	-18.74690035610978	-2.5107252831275204	2.0	-1.097849408088596	2.0		0.0		0.0		0.0	-2.69824775020141	1.0	-1.085622830259013	1.0	-5.002349692309981	2.0
samp_43	-18.377757864710667	-2.5107299488104893	2.0		0.0	-4.540214336562552	2.0		0.0	-2.121202235230312	1.0		0.0	-1.085622682283379	1.0	-5.002345717135014	2.0
samp_44	-1.3238180540344544	-2.3911503744896474	2.0	-0.9726474814304168	1.0	-4.42229370326285	1.0	-5.112813888399062	1.0	-1.9991986727567328	1.0	-2.5787695380216498	1.0	-0.956638664803462	1.0		0.0
samp_45	-0.26219415189593226	-2.2161677698130178	2.0	-0.7764105203651062	1.0	-4.255303682627921	1.0	-4.943560216204067	2.0	-1.818224243461489	1.0		0.0	-0.7543760748449695	1.0		0.0
samp_46	0.38089403003624867		0.0	-0.5584824901237564	1.0		0.0	-4.777912279957129	3.0		0.0	-2.227232650764684	2.0	-0.5290611654284025	1.0	-4.55631720423461	1.0
samp_47	-1.202300892235387		0.0	-0.957760741766647	2.0	-4.408912233354709	2.0	-5.099196486220103	1.0		0.0	-2.5650366582950364	2.0	-0.9413009447629955	1.0		0.0
samp_48	-1.3493363548726995	-2.3938755576799644	3.0		0.0	-4.424946120661976	1.0	-5.115515254612208	1.0	-2.0019941158923062	2.0		0.0		0.0	-4.887325777270561	1.0
samp_49	-1.3815030554104273	-2.3972297261615325	3.0		0.0	-4.428213063838717	1.0	-5.1188403864407475	1.0	-2.005435004658454	2.0	-2.584830558668909	1.0		0.0		0.0
samp_50	-18.30779128572906		0.0	-1.0978423591559823	1.0	-4.540204678805496	2.0		0.0		0.0	-2.6982511478753244	2.0	-1.0856249826662423	3.0		0.0
samp_51	0.3541064132186667		0.0	-0.5694660180026809	1.0	-4.098316570388084	1.0	-4.785789366604068	3.0	-1.6384390754475533	1.0		0.0	-0.5404952520037333	1.0	-4.56406378920747	1.0
samp_52	-17.607981063621573	-2.510722809544306	2.0		0.0	-4.540145331495468	1.0		0.0		0.0		0.0	-1.0855899564675935	4.0	-5.002352136584683	1.0
samp_53	-20.560723774655415	-2.5107261570539814	1.0	-1.097845563125623	1.0	-4.5402024057685315	1.0		0.0	-2.1212099808459923	2.0		0.0	-1.085625736819343	2.0	-5.002348176801023	1.0
samp_54	-1.1569310181118306	-2.371880497505898	1.0	-0.9517930631727669	3.0	-4.403583942902072	1.0	-5.093775570088849	1.0		0.0	-2.559558863732245	1.0	-0.9351554525595578	1.0		0.0
samp_55	-18.500274272766983	-2.510728166679513	1.0		0.0	-4.540200453329554	1.0		0.0	-2.121218059022203	1.0	-2.698263584583004	2.0	-1.0856413360967687	1.0	-5.002370353752623	2.0
samp_56	-18.345517360120237		0.0		0.0	-4.540209843195258	1.0		0.0	-2.121216827336315	1.0	-2.6982467331775393	3.0	-1.085623810576503	3.0		0.0
samp_57	-1.3753342827647455	-2.3965934908358557	1.0	-0.9785071206266799	1.0		0.0	-5.11820971185998	1.0		0.0	-2.5841969173386343	1.0	-0.9626720244417453	3.0	-4.889962183434995	1.0
samp_58	-18.377757864710667	-2.5107299488104893	2.0		0.0	-4.540214336562552	2.0		0.0	-2.121202235230312	1.0		0.0	-1.085622682283379	1.0	-5.002345717135014	2.0
samp_59	-18.57854160968644		0.0	-1.0978074086492833	1.0	-4.540214741492351	1.0		0.0	-2.121255979897345	3.0	-2.6982472352181115	2.0		0.0	-5.002400752180245	1.0
samp_60	-21.536523538091277	-2.5107252195075627	1.0	-1.0978471845406748	2.0	-4.540203812159241	1.0		0.0	-2.1212094779175366	1.0	-2.698248598502745	1.0	-1.085624270862988	1.0	-5.002349138624355	1.0
samp_61	-1.2832987211624562	-2.3867064095359933	1.0	-0.9678558680453309	1.0	-4.417979180500011	3.0	-5.108416942694903	1.0	-1.9946360426314493	1.0		0.0	-0.9517054026886306	1.0		0.0
samp_62	-17.851008984859288	-2.5107437411657463	2.0		0.0	-4.540197419741556	2.0		0.0	-2.1212148759450145	1.0		0.0	-1.0856281811500064	3.0		0.0
samp_63	-1.1562340486558553	-2.3717989747805337	1.0		0.0	-4.403502801790722	2.0	-5.093689785417155	1.0		0.0	-2.559476419568695	2.0		0.0	-4.865980653496561	2.0
samp_64	-1.4201933192429184	-2.401148250511727	2.0	-0.9833997817370805	1.0		0.0	-5.1227343536401175	1.0	-2.0094524866836156	2.0	-2.588739842110792	2.0		0.0		0.0
samp_65	-1.5510747098887794		0.0		0.0	-4.444095207692096	1.0	-5.135031550779656	1.0	-2.0221121577694587	1.0	-2.6010796300114225	1.0	-0.981325023391268	3.0	-4.906418545284378	1.0
samp_66	-1.964561557353244		0.0		0.0		0.0	-5.166157177030073	1.0	-2.053908278955334	4.0	-2.632120022305971	2.0	-1.0152271959063375	1.0		0.0
samp_67	-1.2366580508943315	-2.3814076797930843	1.0	-0.9621241347714549	1.0	-4.412828134812625	2.0	-5.103175494519666	1.0	-1.9891982462461273	1.0	-2.5690569845560915	1.0		0.0	-4.875258130843164	1.0
samp_68	0.2786957309519844		0.0		0.0		0.0	-4.80753077403779	3.0	-1.6639117788437028	1.0		0.0	-0.5716020920377198	1.0	-4.585417769750975	3.0
samp_69	-0.27308662755718127		0.0		0.0	-4.257656607903141	3.0	-4.9459378141766175	2.0		0.0		0.0	-0.7573945584851499	3.0		0.0
samp_70	-1.5443259683091426		0.0	-0.9959698144594372	1.0	-4.44351195829637	1.0	-5.134428397893758	1.0	-2.0214980502884488	3.0	-2.600469857232008	1.0		0.0	-4.905823366109631	1.0
samp_71	-17.816725521630854	-2.5107247911623056	1.0	-1.0978461624441833	1.0		0.0		0.0	-2.121210363559258	1.0	-2.698247751880533	3.0		0.0	-5.002351054788089	2.0
samp_72	-1.4492704847022981		0.0	-0.9864696551503042	2.0	-4.434826372887337	1.0	-5.125579755855904	1.0	-2.012388157942782	2.0		0.0	-0.9708712571907009	1.0	-4.8971680187299365	1.0
samp_73	-17.457299818232855	-2.5107290436698024	1.0	-1.0978486219527817	2.0	-4.54020925497979	1.0		0.0		0.0	-2.698246955143417	1.0	-1.0856296266395102	1.0	-5.002352325786077	2.0
samp_74	-1.3919639694748371	-2.398301711059876	2.0	-0.9803432228391069	2.0		0.0	-5.1199044236884586	1.0	-2.0065344189602783	1.0		0.0	-0.9645629841826964	2.0		0.0
samp_75	-1.492320657831318	-2.408130679584643	1.0		0.0		0.0	-5.129674339400493	1.0	-2.0166020466668013	2.0	-2.5957046503335985	1.0	-0.9754077761187119	1.0	-4.901169558973353	2.0
samp_76	-18.353152321704727	-2.5107219753431576	1.0	-1.0978462122392465	1.0	-4.5402045762862056	2.0		0.0		0.0	-2.6982434842733114	1.0	-1.0856242766156077	1.0	-5.002349821528749	2.0
samp_77	-1.4492704847022981		0.0	-0.9864696551503042	2.0	-4.434826372887337	1.0	-5.125579755855904	1.0	-2.012388157942782	2.0		0.0	-0.9708712571907009	1.0	-4.8971680187299365	1.0
samp_78	-0.21456593123871245	-2.20497650837622	3.0	-0.7633338458437753	1.0		0.0	-4.93300914681977	2.0		0.0	-2.393744483430338	1.0		0.0	-4.708565012932762	1.0
samp_79	-1.3720225210726662		0.0	-0.9781401634202872	2.0		0.0	-5.1178681025614985	1.0		0.0	-2.583856030678052	1.0	-0.9622931633778754	3.0	-4.889630611154039	1.0
samp_80	-1.3294201454726486	-2.391756194624257	2.0	-0.9733026324110511	1.0		0.0	-5.113412279344557	1.0	-1.9998239527160744	1.0	-2.5793735170467986	1.0	-0.9573004273010478	1.0	-4.8852703626298855	1.0
samp_81	-1.8394708300459512		0.0		0.0		0.0	-5.157861171305985	1.0	-2.045476106415285	3.0	-2.6238768951928964	1.0	-1.0062735481115033	2.0	-4.928738201985258	1.0
samp_82	-1.5519341070727102	-2.4136015480790984	1.0		0.0	-4.444185170300236	1.0	-5.135098471017221	1.0	-2.0221821648940295	1.0	-2.6011531879484644	1.0	-0.9814087379955364	3.0		0.0
samp_83	-18.18291461148227	-2.5107270045032952	3.0	-1.0978555260329077	1.0	-4.5402077582153435	2.0		0.0	-2.1211995031518143	1.0		0.0	-1.085631751325658	1.0		0.0
samp_84	-1.6191861555832632	-2.419427185955171	1.0		0.0		0.0	-5.140929186158419	1.0	-2.028171923690716	2.0	-2.606976966058759	1.0	-0.987814585008534	2.0	-4.912180602619315	1.0
samp_85	-0.29520020450669154		0.0	-0.7852163746409418	1.0	-4.262391183241663	1.0	-4.950714476229899	2.0	-1.8261119048137286	1.0	-2.412330498511144	1.0	-0.7634601313045226	1.0	-4.725927989561548	1.0
samp_86	-0.3888545044121696	-2.244374484122343	1.0	-0.809089433549903	1.0	-4.281786223978509	1.0	-4.970303455125158	2.0	-1.847596230312101	3.0		0.0		0.0		0.0
samp_87	-18.019679485224		0.0	-1.0978780450985934	1.0	-4.540208922522539	1.0		0.0	-2.121192102601145	1.0	-2.6982235749809322	2.0	-1.0856029257179278	1.0	-5.00235371938577	2.0
samp_88	-1.169925565228787	-2.3734744982174374	3.0	-0.9535258393292563	2.0		0.0	-5.0953491582348365	1.0		0.0	-2.561151024832734	1.0	-0.9369397275513259	1.0		0.0
samp_89	-0.22552447206782367	-2.207579506311338	2.0	-0.7663801711019337	1.0	-4.24727128300074	1.0	-4.935457266345515	2.0		0.0	-2.3963180478885797	1.0		0.0	-4.7109660163926055	1.0
samp_90	-18.459029957559288		0.0	-1.0978534878075945	2.0	-4.540207616818509	1.0		0.0	-2.121208510603368	4.0		0.0	-1.0856365431628423	1.0		0.0
samp_91	-18.343864581045878	-2.510724144644947	3.0		0.0		0.0		0.0	-2.1212045079308877	1.0	-2.6982393247254537	2.0		0.0	-5.002352026900949	2.0
samp_92	0.32858332761056475	-2.0534084057227853	1.0	-0.5797980352013229	1.0	-4.1057409134354454	2.0	-4.793221521094523	3.0	-1.6471665860107245	1.0		0.0		0.0		0.0
samp_93	-1.1526641128454878	-2.3713519366996794	1.0	-0.9512122996591359	1.0	-4.4030749281522965	3.0	-5.093258559667798	1.0		0.0		0.0	-0.9345645518578565	1.0	-4.8655533704395175	1.0
samp_94	-1.469585186584408		0.0		0.0	-4.436739957833253	1.0	-5.127526549908411	1.0	-2.014396776754895	1.0	-2.5935530561472717	2.0	-0.9730337662350803	2.0	-4.899074302679255	1.0
samp_95	-19.2482066882785		0.0		0.0	-4.540205032995912	2.0		0.0		0.0	-2.6982477905472324	2.0	-1.0856239575236828	4.0		0.0
samp_96	-18.304894101937236	-2.5107280071729225	1.0		0.0	-4.540209057623629	1.0		0.0	-2.1212055259066154	2.0	-2.6982746534116058	2.0	-1.0856284163562397	1.0	-5.002344371022589	1.0
samp_97	-21.05277132769022	-2.5107249156930456	1.0	-1.0978472724112447	2.0	-4.540203912177293	1.0		0.0	-2.1212094101807613	2.0	-2.6982483263027595	2.0		0.0		0.0
samp_98	-1.1565024569268516	-2.3718279198484007	2.0		0.0	-4.403534262175102	1.0	-5.093726447464021	1.0		0.0	-2.5595102716559057	2.0		0.0	-4.866011136987429	2.0
samp_99	-0.21298385437922673	-2.2045934704799803	1.0	-0.762883368857432	1.0	-4.244487854569489	2.0	-4.932648717206756	2.0		0.0		0.0	-0.7404221131352514	2.0		0.0
