run	log_F	b5B8_log_P	b5B8_weight	b5D1_log_P	b5D1_weight	b5F5_log_P	b5F5_weight	b5H1_log_P	b5H1_weight	b5H5_log_P	b5H5_weight	b5H7_log_P	b5H7_weight
fit	1.9260066744088788	-3.7910892002368732	1.0	-7.542106504861033	1.0	-6.51300049266878	1.0	-2.55075051687123	1.0	-6.600260958732806	1.0	-2.143801884009642	1.0
samp_00	1.9356604999231042	-3.7869950952800013	1.0		0.0	-6.510347717162838	1.0	-2.5463196256086866	1.0	-6.597430669933924	1.0	-2.139190517401	2.0
samp_01	2.2259371902944114	-3.662199203601543	1.0	-7.54397969219213	1.0		0.0	-2.409788833734667	1.0	-6.516776434633393	3.0		0.0
samp_02	1.5889158768313727	-3.9311728540847666	1.0	-7.559689057698928	2.0	-6.610782698826589	1.0		0.0		0.0	-2.2991589555200247	2.0
samp_03	1.6776900248989823	-3.894875284811698	1.0	-7.552985440468497	2.0	-6.584161660542716	1.0	-2.662172417210564	1.0		0.0	-2.2593309744153296	1.0
samp_04	2.061878369460322	-3.733109875369322	1.0	-7.541033822919956	1.0		0.0	-2.4877221900385957	2.0	-6.561245271215926	2.0		0.0
samp_05	1.8652640109328291	-3.8167565309455447	1.0	-7.543700024209403	1.0	-6.5298959100675615	2.0	-2.5784671689237646	1.0		0.0	-2.172613061456346	1.0
samp_06	2.0730598267829903	-3.7283064544642524	1.0	-7.541091127098658	1.0	-6.473711951155228	1.0		0.0	-6.558118698763216	2.0	-2.0725987784898536	1.0
samp_07	2.0670679636540856	-3.7308810845388654	1.0		0.0	-6.475264707260083	2.0	-2.4852888972783687	1.0	-6.559792720638901	1.0	-2.075540009110291	1.0
samp_08	2.063528381954787	-3.7323992089147353	2.0		0.0	-6.4761918736090935	1.0	-2.4869473626738796	1.0	-6.560782625025886	2.0		0.0
samp_09	1.369828144424367	-4.018621203273509	2.0	-7.582283064556232	3.0		0.0	-2.7929568528634685	1.0		0.0		0.0
samp_10	1.7302275784201038	-3.873178770509654	3.0	-7.549713409667169	1.0	-6.568673241855179	1.0		0.0	-6.659403991318987	1.0		0.0
samp_11	2.063528381954787	-3.7323992089147353	2.0		0.0	-6.4761918736090935	1.0	-2.4869473626738796	1.0	-6.560782625025886	2.0		0.0
samp_12	1.743524234976677		0.0	-7.548969499941075	1.0		0.0	-2.6331240185742963	2.0		0.0	-2.2292887499880587	3.0
samp_13	1.8334019947517108		0.0	-7.5448055627881905	2.0	-6.5388993243285425	1.0	-2.592887169297757	2.0		0.0	-2.1875856060862833	1.0
samp_14	2.0107211071521425	-3.7550269007864356	2.0		0.0	-6.4900720804472005	2.0	-2.5116189478419746	1.0	-6.575718358175954	1.0		0.0
samp_15	1.9408263664747518		0.0		0.0	-6.508933752283779	1.0	-2.543944867293717	3.0		0.0	-2.1367192441141123	2.0
samp_16	2.0020062076202736	-3.758753431330968	1.0	-7.5410831181583875	1.0	-6.492388810581984	1.0	-2.5156708884889443	2.0	-6.578212720230115	1.0		0.0
samp_17	1.7737324988803438	-3.855101034153269	3.0		0.0	-6.556007597026564	1.0		0.0	-6.645993876575956	1.0	-2.215361096054635	1.0
samp_18	1.9889450931931247		0.0	-7.541200174856784	1.0	-6.495891097223688	1.0	-2.5217304771708036	1.0	-6.58195993531283	1.0	-2.113577369399557	2.0
samp_19	1.7654410705818202	-3.858554369144698	1.0	-7.547810420558356	2.0	-6.558410107319388	1.0	-2.6233729504031404	2.0		0.0		0.0
samp_20	2.141713604273457		0.0	-7.541911495934791	1.0	-6.456234367580101	1.0	-2.4500444993005663	3.0	-6.539220874693945	1.0		0.0
samp_21	1.8332726919947944	-3.830203562818234	1.0	-7.544814723162555	2.0	-6.538937077544119	2.0	-2.5929464867252126	1.0		0.0		0.0
samp_22	1.9888473245596594	-3.764365670532522	1.0	-7.541201875930376	2.0		0.0	-2.521775747136864	1.0	-6.581988256460191	2.0		0.0
samp_23	1.8485187512780443	-3.823801450515097	2.0		0.0	-6.5346157372945335	1.0	-2.5860551710245625	3.0		0.0		0.0
samp_24	1.7444697530678157		0.0	-7.5489142710482415	2.0	-6.56450971299597	1.0	-2.6327037020496915	1.0		0.0	-2.2288536689669276	2.0
samp_25	1.7364528263395356	-3.870597693929618	1.0	-7.549360710338457	1.0	-6.566850985212928	1.0	-2.636262128401791	1.0		0.0	-2.232535348022136	2.0
samp_26	2.0107211071521425	-3.7550269007864356	2.0		0.0	-6.4900720804472005	2.0	-2.5116189478419746	1.0	-6.575718358175954	1.0		0.0
samp_27	2.246337389875821		0.0		0.0	-6.430764228067314	1.0	-2.39996237245536	2.0	-6.5114682807960005	2.0	-1.9860926296484853	1.0
samp_28	2.0670679636540856	-3.7308810845388654	1.0		0.0	-6.475264707260083	2.0	-2.4852888972783687	1.0	-6.559792720638901	1.0	-2.075540009110291	1.0
samp_29	2.0047914493244092	-3.757565617385079	1.0	-7.541079124244401	1.0	-6.491650351409759	2.0		0.0	-6.5774138530154875	1.0	-2.105904389481113	1.0
samp_30	2.1071536637764527	-3.713631332531234	1.0	-7.541399880523325	2.0	-6.464957426309293	1.0		0.0	-6.548669178710051	2.0		0.0
samp_31	1.9356604999231042	-3.7869950952800013	1.0		0.0	-6.510347717162838	1.0	-2.5463196256086866	1.0	-6.597430669933924	1.0	-2.139190517401	2.0
samp_32	1.9345176174735788	-3.787479968338924	2.0		0.0		0.0	-2.546844087443973	1.0	-6.597763809511926	2.0	-2.139736822171074	1.0
samp_33	2.2139447826024066		0.0	-7.543606795137783	2.0	-6.438493304551321	1.0		0.0	-6.519920496888142	2.0	-2.0024769570312317	1.0
samp_34	2.090181478418132	-3.7209405939333386	1.0	-7.541220646510001	1.0	-6.469302523415406	2.0	-2.474420721450527	1.0	-6.553352707158459	1.0		0.0
samp_35	1.462956102214888	-3.9818440206131887	3.0	-7.571663883742399	2.0	-6.64935805836415	1.0		0.0		0.0		0.0
samp_36	1.8489156909399203	-3.8236367809116154	1.0	-7.544243681938767	1.0	-6.534497048280744	1.0		0.0	-6.623163935272954	1.0	-2.1803100848623234	2.0
samp_37	1.8359997837088575	-3.829060095354172	1.0		0.0	-6.538161924674541	1.0	-2.5917142467532597	2.0		0.0	-2.186369038887001	2.0
samp_38	1.8332726919947944	-3.830203562818234	1.0	-7.544814723162555	2.0	-6.538937077544119	2.0	-2.5929464867252126	1.0		0.0		0.0
samp_39	2.2350539832161083		0.0	-7.544254952527953	1.0	-6.433440279971351	1.0	-2.405402450330044	1.0	-6.5143978202472175	2.0	-1.9918107050570284	1.0
samp_40	1.8489156909399203	-3.8236367809116154	1.0	-7.544243681938767	1.0	-6.534497048280744	1.0		0.0	-6.623163935272954	1.0	-2.1803100848623234	2.0
samp_41	1.6729579863810644	-3.896820015623309	3.0		0.0		0.0		0.0	-6.6772556464735615	1.0	-2.2614748123060844	2.0
samp_42	1.9888473245596594	-3.764365670532522	1.0	-7.541201875930376	2.0		0.0	-2.521775747136864	1.0	-6.581988256460191	2.0		0.0
samp_43	1.6934540812653711	-3.888379985127643	1.0	-7.551948880712946	1.0		0.0	-2.6552495147395803	2.0		0.0	-2.252177049473304	2.0
samp_44	1.5303310592168964	-3.9548670344793715	3.0	-7.564906291154195	2.0		0.0		0.0	-6.722591521484964	1.0		0.0
samp_45	2.092802086038112		0.0	-7.541246401559105	2.0	-6.468626673103558	1.0	-2.4731846742271415	2.0	-6.552631465734895	1.0		0.0
samp_46	1.4682578915976454	-3.979731864379156	1.0	-7.571103382705151	2.0		0.0		0.0		0.0	-2.3520033993692735	3.0
samp_47	1.737234061470583	-3.870274257158911	2.0	-7.54931582058466	2.0	-6.566622375316744	1.0		0.0	-6.657234710433957	1.0		0.0
samp_48	1.369828144424367	-4.018621203273509	2.0	-7.582283064556232	3.0		0.0	-2.7929568528634685	1.0		0.0		0.0
samp_49	1.8489156909399203	-3.8236367809116154	1.0	-7.544243681938767	1.0	-6.534497048280744	1.0		0.0	-6.623163935272954	1.0	-2.1803100848623234	2.0
samp_50	1.8652640109328291	-3.8167565309455447	1.0	-7.543700024209403	1.0	-6.5298959100675615	2.0	-2.5784671689237646	1.0		0.0	-2.172613061456346	1.0
samp_51	1.8490449036264862	-3.8235802101715826	2.0	-7.544238932040335	1.0		0.0		0.0	-6.623132241088883	2.0	-2.1802479384475317	1.0
samp_52	1.5889158768313727	-3.9311728540847666	1.0	-7.559689057698928	2.0	-6.610782698826589	1.0		0.0		0.0	-2.2991589555200247	2.0
samp_53	1.985035768608065	-3.7659923444434518	1.0		0.0		0.0	-2.5235416133252926	1.0	-6.583085967595473	2.0	-2.115465827371992	2.0
samp_54	2.246337389875821		0.0		0.0	-6.430764228067314	1.0	-2.39996237245536	2.0	-6.5114682807960005	2.0	-1.9860926296484853	1.0
samp_55	2.3883276049986364		0.0	-7.550860459483838	3.0	-6.39865354987702	1.0		0.0	-6.475997289023258	2.0		0.0
samp_56	2.115690299650746		0.0	-7.541506518527282	3.0		0.0	-2.462378107379551	1.0	-6.54632261775363	2.0		0.0
samp_57	1.8051744235577467	-3.841975998431095	2.0	-7.5459482667493285	1.0	-6.5469542052888325	2.0	-2.605594963911667	1.0		0.0		0.0
samp_58	1.7381929422951594	-3.8698753314522754	2.0	-7.549263243798498	1.0		0.0	-2.635491059371333	1.0	-6.6569383073384705	1.0	-2.2317374266858567	1.0
samp_59	3.1138933673297355		0.0	-7.6081744196692105	1.0	-6.286836612676531	1.0		0.0	-6.341175316323775	4.0		0.0
samp_60	2.3578886399043806		0.0		0.0	-6.40528875587466	2.0	-2.345705648699876	1.0	-6.4833800206180365	2.0	-1.9289141417922449	1.0
samp_61	1.777682897407779	-3.8534553219794305	2.0		0.0		0.0	-2.6179089606072394	1.0	-6.644786337888287	1.0	-2.213532202655395	2.0
samp_62	2.1151690093009536		0.0	-7.541500069963434	2.0	-6.462922220344345	2.0		0.0	-6.5464654757414475	1.0	-2.0518345216677116	1.0
samp_63	2.050397584681182		0.0	-7.540998388894226	1.0		0.0	-2.493103580350744	1.0	-6.564469727370891	2.0	-2.08370402922999	2.0
samp_64	2.4069591439909237		0.0	-7.551870889920546	1.0	-6.394663216796847	3.0	-2.3215619342073137	1.0	-6.471541742449468	1.0		0.0
samp_65	1.997963201700794		0.0	-7.5411284454169305	3.0	-6.4934739646714235	1.0	-2.5175471956750255	1.0	-6.579371673258589	1.0		0.0
samp_66	2.369963534865158	-3.5992852720894266	1.0	-7.549905626692344	1.0	-6.402637799206093	1.0		0.0	-6.480435274691214	3.0		0.0
samp_67	2.1205315728386442	-3.7078621631490067	1.0		0.0	-6.46156351823861	1.0	-2.460087306882727	1.0	-6.5449954022476575	2.0	-2.049178332180488	1.0
samp_68	1.4359825107421846	-3.992557229393475	3.0	-7.5745912113565925	2.0		0.0	-2.765586082620939	1.0		0.0		0.0
samp_69	2.013946034847617	-3.7536488144287485	1.0	-7.541035787172927	2.0	-6.489214702868986	2.0		0.0	-6.574798995669258	1.0		0.0
samp_70	2.1865813333011754	-3.6792895886898824	1.0		0.0	-6.445132960106281	1.0	-2.428663963879508	2.0	-6.527159580894403	2.0		0.0
samp_71	1.8338412293995978	-3.8299586137014394	1.0	-7.544785032373615	2.0		0.0	-2.5926865364438245	2.0	-6.62773554752549	1.0		0.0
samp_72	2.2354988119504324		0.0		0.0	-6.433334546999146	4.0	-2.4051870283843866	1.0		0.0	-1.991584874765075	1.0
samp_73	1.8234618399294398	-3.8343188741172316	1.0		0.0		0.0	-2.59736872306924	1.0	-6.630850796372381	1.0	-2.1922365397553913	3.0
samp_74	2.0501709154354475	-3.7381346400685223	2.0		0.0		0.0		0.0	-6.564533502977157	3.0	-2.0838156771863434	1.0
samp_75	1.6314579833382248	-3.9138330878773973	1.0	-7.556297983734591	2.0		0.0	-2.6823526218087164	2.0		0.0	-2.280175707201084	1.0
samp_76	1.6467975857007016	-3.9075575694429974	1.0	-7.555152598838799	3.0	-6.593365005735541	2.0		0.0		0.0		0.0
samp_77	1.6911498290509692		0.0	-7.5520973205122415	2.0		0.0	-2.656263093311102	2.0		0.0	-2.2532249264257334	2.0
samp_78	1.6467975857007016	-3.9075575694429974	1.0	-7.555152598838799	3.0	-6.593365005735541	2.0		0.0		0.0		0.0
samp_79	2.288555834806967	-3.634913769261847	1.0	-7.546195649944119	1.0	-6.4209109957571044	2.0		0.0	-6.500648616252242	2.0		0.0
samp_80	1.8226723174573491	-3.8346499440709616	2.0		0.0	-6.541952458811798	1.0		0.0	-6.631086940499366	1.0	-2.1926058358492293	2.0
samp_81	1.7249632142869669		0.0	-7.550018851087735	2.0		0.0		0.0	-6.661035025986696	1.0	-2.2378025923463563	3.0
samp_82	2.3388938606036453		0.0	-7.548385922471712	2.0	-6.409496796745713	1.0	-2.3550057336450045	1.0	-6.488046668686857	2.0		0.0
samp_83	2.0805426234131743	-3.7250886770146923	1.0		0.0	-6.471779172216121	3.0	-2.478956740896982	2.0		0.0		0.0
samp_84	1.6442477408374403	-3.9086026020220404	2.0	-7.555339855305195	1.0		0.0	-2.676786942362346	2.0		0.0	-2.2744287467203197	1.0
samp_85	1.8910156962416493		0.0	-7.542943358605907	2.0	-6.522698656049736	1.0		0.0	-6.610588250600805	1.0	-2.1604446927240444	2.0
samp_86	1.9260066744088788	-3.7910892002368732	1.0	-7.542106504861033	1.0	-6.51300049266878	1.0	-2.55075051687123	1.0	-6.600260958732806	1.0	-2.143801884009642	1.0
samp_87	1.9976784767762044	-3.760597072273474	1.0		0.0	-6.493546580539403	1.0	-2.5176827926627756	2.0	-6.579453836630224	1.0	-2.109359779440571	1.0
samp_88	1.92878013932427		0.0		0.0		0.0	-2.5494783502923735	2.0	-6.599445989740979	1.0	-2.142478068130249	3.0
samp_89	1.5814926734575927	-3.9341876919936096	4.0		0.0	-6.6130293242821345	1.0		0.0		0.0	-2.3024537484955903	1.0
samp_90	1.9260066744088788	-3.7910892002368732	1.0	-7.542106504861033	1.0	-6.51300049266878	1.0	-2.55075051687123	1.0	-6.600260958732806	1.0	-2.143801884009642	1.0
samp_91	1.9450702043110644	-3.7830001162304296	1.0		0.0	-6.507773678804899	3.0		0.0		0.0	-2.134686277002481	2.0
samp_92	1.9889450931931247		0.0	-7.541200174856784	1.0	-6.495891097223688	1.0	-2.5217304771708036	1.0	-6.58195993531283	1.0	-2.113577369399557	2.0
samp_93	2.065868959391603		0.0	-7.54105437867532	1.0	-6.4755736909951676	1.0	-2.4858525420587254	2.0	-6.560128751307564	1.0	-2.076128245107184	1.0
samp_94	2.179508344633866		0.0		0.0	-6.446865362280172	1.0	-2.4320436945005417	1.0	-6.52904514755799	2.0	-2.0197880271472495	2.0
samp_95	1.9260066744088788	-3.7910892002368732	1.0	-7.542106504861033	1.0	-6.51300049266878	1.0	-2.55075051687123	1.0	-6.600260958732806	1.0	-2.143801884009642	1.0
samp_96	2.2350539832161083		0.0	-7.544254952527953	1.0	-6.433440279971351	1.0	-2.405402450330044	1.0	-6.5143978202472175	2.0	-1.9918107050570284	1.0
samp_97	1.6616029716067116	-3.9014854351160375	2.0	-7.554092119913971	2.0	-6.588946370091708	2.0		0.0		0.0		0.0
samp_98	1.7239636186813831	-3.8757728795154858	3.0		0.0	-6.5705072909391005	2.0		0.0		0.0	-2.2382604347592827	1.0
samp_99	1.8725915366709076	-3.813668650860793	1.0		0.0	-6.5278376122197415	1.0		0.0	-6.6160795808415145	1.0	-2.169157688123038	3.0
